 0.000000022 8601.361805625 17.050109671
 0.000000079 2252.314465260  3.219988408
 0.000000274 1223.979075016  0.808245358
 0.000000933 991.255778586  0.268336804
 0.000003165 906.168310049  0.131516824
 0.000010722 803.841514611  0.093170347
 0.000036312 593.194139455  0.078719026
 0.000122971 353.423613587  0.071971663
 0.000416430 202.878769742  0.070192209
 0.001378380 139.212149469  0.075130669
 0.002993840 133.898460100  0.083296994
 0.004889080 131.019559752  0.088124933
 0.006995680 127.233521527  0.091665645
 0.009262690 124.143386309  0.094770583
 0.011759800 121.687958778  0.098348042
 0.014362100 119.996441621  0.101815109
 0.017143200 118.591645751  0.104710625
 0.020106800 117.119764955  0.107219764
 0.023111200 115.851604288  0.108945618
 0.026284400 115.101394098  0.111074174
 0.029645500 114.518019427  0.114024231
 0.033007500 114.037478581  0.116441094
 0.036437100 113.570455251  0.118444342
 0.040023300 113.239160358  0.120439384
 0.043788500 112.748581609  0.122364481
 0.047545100 112.330862121  0.123781873
 0.051318200 111.946207190  0.125227866
 0.055153400 111.813451866  0.126857268
 0.059102900 111.738582604  0.128576282
 0.063220300 111.557366419  0.130257572
 0.067380200 111.385419956  0.131960007
 0.071525400 111.246735352  0.133441084
 0.075677000 111.196951824  0.134927767
 0.079859000 111.176664549  0.136505538
 0.084098000 111.224766080  0.138065549
 0.088423700 111.238145646  0.139522283
 0.092868900 111.181554456  0.140758148
 0.097399200 111.066120363  0.142081713
 0.101911000 110.976187764  0.143496806
 0.106412000 110.845273231  0.144754033
 0.110913000 110.768105822  0.145961699
 0.115426000 110.681564130  0.147148265
 0.119962000 110.534963852  0.148306870
 0.124535000 110.389208073  0.149435319
 0.129159000 110.201838280  0.150403362
 0.133848000 110.081590193  0.151433518
 0.138622000 110.004513364  0.152551806
 0.143468000 110.011188724  0.153666482
 0.148304000 109.813688450  0.154839516
 0.153125000 109.787509011  0.155929929
 0.157940000 109.684223958  0.157010851
 0.162753000 109.608833137  0.158066727
 0.167569000 109.536086393  0.159123553
 0.172395000 109.496420149  0.160100947
 0.177235000 109.365877235  0.161020458
 0.182096000 109.267375083  0.161891641
 0.186984000 109.157617166  0.162764529
 0.191903000 109.112033989  0.163703020
 0.196860000 109.014855992  0.164522149
 0.201863000 108.973252865  0.165405772
 0.206920000 108.916725227  0.166326652
 0.212032000 108.836187772  0.167223037
 0.217143000 108.742082017  0.168013180
 0.222241000 108.638113314  0.168850695
 0.227330000 108.620616761  0.169691997
 0.232414000 108.413998318  0.170320913
 0.237495000 108.337289763  0.170830908
 0.242575000 108.274308173  0.171571756
 0.247656000 108.194965698  0.172373842
 0.252741000 108.186456465  0.173212738
 0.257833000 108.195255927  0.173977041
 0.262933000 108.058599072  0.174592117
 0.268044000 107.953270381  0.175065143
 0.273169000 107.719047747  0.175469479
 0.278310000 107.682136581  0.176209514
 0.283470000 107.640261454  0.177023949
 0.288650000 107.625887948  0.177698523
 0.293854000 107.601088522  0.178316949
 0.299085000 107.468191043  0.178934026
 0.304345000 107.496736493  0.179470041
 0.309639000 107.353635486  0.180017487
 0.314966000 107.273966449  0.180594180
 0.320298000 107.289598879  0.181229061
 0.325622000 107.138318626  0.181750163
 0.330941000 107.124406476  0.182273660
 0.336254000 107.030540578  0.182827228
 0.341562000 106.930777822  0.183332747
 0.346867000 106.876576913  0.183840199
 0.352170000 106.805992746  0.184417589
 0.357472000 106.785338158  0.184951966
 0.362774000 106.640444189  0.185417348
 0.368076000 106.555897687  0.185800410
 0.373380000 106.429375183  0.186106116
 0.378687000 106.311721504  0.186429915
 0.383997000 106.302130823  0.186899083
 0.389312000 106.201862343  0.187424090
 0.394631000 106.177442372  0.187827422
 0.399958000 106.089392471  0.188273486
 0.405291000 106.102266283  0.188738331
 0.410632000 106.017875472  0.189134012
 0.415983000 105.957898313  0.189555783
 0.421344000 105.941906901  0.190077221
 0.426716000 105.861640547  0.190451604
 0.432100000 105.767265664  0.190793375
 0.437498000 105.747789563  0.191175808
 0.442910000 105.668435651  0.191575200
 0.448337000 105.610576317  0.191986482
 0.453781000 105.547070434  0.192348972
 0.459243000 105.493878669  0.192634369
 0.464724000 105.483192401  0.193030773
 0.470225000 105.427123281  0.193472987
 0.475732000 105.389131775  0.193784383
 0.481234000 105.291945207  0.194103009
 0.486733000 105.239035512  0.194426217
 0.492228000 105.188209972  0.194792397
 0.497720000 105.164721235  0.195207646
 0.503210000 105.029479038  0.195304336
 0.508697000 104.885566185  0.195375222
 0.514182000 104.838415145  0.195724659
 0.519665000 104.782344071  0.196092859
 0.525148000 104.769819994  0.196396360
 0.530629000 104.709526868  0.196706702
 0.536111000 104.634046657  0.196996438
 0.541592000 104.585214767  0.197227128
 0.547074000 104.505034543  0.197394340
 0.552556000 104.401587646  0.197489570
 0.558039000 104.373123344  0.197880833
 0.563524000 104.371670849  0.198245739
 0.569010000 104.323228322  0.198529155
 0.574498000 104.226493625  0.198642145
 0.579989000 104.163682671  0.198810894
 0.585482000 104.151039030  0.199163228
 0.590978000 104.094165540  0.199408381
 0.596477000 104.056832611  0.199667618
 0.601981000 103.984532278  0.199817470
 0.607488000 103.876258990  0.199891088
 0.613000000 103.855976336  0.200161173
 0.618516000 103.854329374  0.200507020
 0.624038000 103.808362334  0.200731794
 0.629566000 103.731371354  0.200872109
 0.635099000 103.693034541  0.201059332
 0.640639000 103.624639436  0.201264188
 0.646186000 103.587073160  0.201532008
 0.651740000 103.589821752  0.201787708
 0.657301000 103.574260042  0.202007528
 0.662871000 103.445812373  0.201956183
 0.668449000 103.387385318  0.202079546
 0.674036000 103.431709471  0.202440669
 0.679632000 103.354569946  0.202582020
 0.685238000 103.301545820  0.202709169
 0.690854000 103.301234300  0.202997979
 0.696480000 103.262524644  0.203217730
 0.702117000 103.263212640  0.203456817
 0.707760000 103.231964376  0.203654114
 0.713401000 103.208701701  0.203873792
 0.719040000 103.189500592  0.204085625
 0.724676000 103.130105281  0.204283631
 0.730311000 103.098780133  0.204459285
 0.735944000 103.050101165  0.204600338
 0.741575000 103.002929585  0.204733535
 0.747205000 102.968962290  0.204885068
 0.752834000 102.935133971  0.205038946
 0.758461000 102.933200635  0.205273449
 0.764087000 102.888175817  0.205435190
 0.769713000 102.801961928  0.205515012
 0.775338000 102.756692656  0.205532906
 0.780962000 102.699263427  0.205620175
 0.786586000 102.669504767  0.205811026
 0.792209000 102.654282884  0.206005041
 0.797832000 102.624556175  0.206173586
 0.803455000 102.609834347  0.206333002
 0.809078000 102.578500318  0.206503762
 0.814701000 102.486710131  0.206522821
 0.820325000 102.402392050  0.206480018
 0.825948000 102.406833597  0.206671427
 0.831572000 102.336506437  0.206749027
 0.837197000 102.347088853  0.206883526
 0.842823000 102.326862958  0.207151339
 0.848449000 102.317795975  0.207323053
 0.854076000 102.301103362  0.207475852
 0.859704000 102.287688544  0.207682832
 0.865334000 102.259976088  0.207838643
 0.870965000 102.226708312  0.207961992
 0.876597000 102.215918734  0.208109785
 0.882231000 102.201887030  0.208267769
 0.887867000 102.212537511  0.208383962
 0.893504000 102.133593175  0.208512353
 0.899144000 102.119308423  0.208605830
 0.904786000 102.081731456  0.208713431
 0.910430000 102.067993382  0.208861057
 0.916076000 102.049815524  0.209022262
 0.921725000 102.019961791  0.209139807
 0.927377000 102.021915810  0.209263718
 0.933032000 101.980240908  0.209411194
 0.938689000 101.959138744  0.209524100
 0.944350000 101.876118639  0.209442654
 0.950014000 101.796257552  0.209424300
 0.955682000 101.824668051  0.209614722
 0.961353000 101.816320317  0.209798234
 0.967028000 101.789301620  0.209924384
 0.972706000 101.750470814  0.210023038
 0.978389000 101.693705309  0.209996814
 0.984076000 101.623740167  0.209933277
 0.989767000 101.630357070  0.210115821
 0.995462000 101.632816550  0.210301555
 1.001160000 101.614891908  0.210423072
 1.006870000 101.637092409  0.210603014
 1.012580000 101.635410925  0.210778350
 1.018290000 101.600112687  0.210832101
 1.024010000 101.524417963  0.210784292
 1.029740000 101.532015855  0.210943840
 1.035470000 101.534825036  0.211109638
 1.041210000 101.503959946  0.211174624
 1.046950000 101.524647479  0.211321993
 1.052690000 101.452815423  0.211403560
 1.058440000 101.439894266  0.211456634
 1.064190000 101.458087603  0.211617798
 1.069930000 101.447127945  0.211800160
 1.075670000 101.432653589  0.211859011
 1.081420000 101.367526443  0.211876520
 1.087160000 101.320567071  0.211967964
 1.092900000 101.303040882  0.211913881
 1.098640000 101.246819631  0.211943260
 1.104380000 101.243213991  0.212076081
 1.110110000 101.198284877  0.212141692
 1.115850000 101.204004425  0.212241329
 1.121590000 101.201866868  0.212408055
 1.127320000 101.208297852  0.212549656
 1.133060000 101.204872211  0.212662543
 1.138790000 101.194595868  0.212747536
 1.144530000 101.148393977  0.212760812
 1.150260000 101.139303366  0.212840923
 1.155990000 101.110701619  0.212968382
 1.161730000 101.125380628  0.213051804
 1.167460000 101.086758274  0.213069257
 1.173190000 101.065452504  0.213134351
 1.178920000 101.028427905  0.213193383
 1.184660000 100.960460884  0.213156018
 1.190390000 100.882414855  0.213077617
 1.196120000 100.919740041  0.213275065
 1.201850000 100.941409415  0.213431089
 1.207580000 100.901482049  0.213487651
 1.213320000 100.885255289  0.213589200
 1.219050000 100.935194654  0.213707376
 1.224780000 100.893013133  0.213791079
 1.230510000 100.892869441  0.213841305
 1.236240000 100.841095771  0.213890236
 1.241980000 100.806372596  0.213939305
 1.247710000 100.802701608  0.214013512
 1.253440000 100.774191857  0.214054568
 1.259180000 100.795453871  0.214113020
 1.264910000 100.762255533  0.214188365
 1.270640000 100.733408447  0.214251339
 1.276380000 100.727358020  0.214341130
 1.282110000 100.733339448  0.214441517
 1.287850000 100.725395119  0.214451390
 1.293590000 100.681221037  0.214498226
 1.299320000 100.691684649  0.214592947
 1.305060000 100.656451297  0.214628869
 1.310800000 100.629003867  0.214691956
 1.316540000 100.635016981  0.214705767
 1.322280000 100.570595854  0.214679042
 1.328020000 100.503995764  0.214615891
 1.333760000 100.540096005  0.214815187
 1.339510000 100.579998373  0.215003460
 1.345250000 100.572469576  0.215037893
 1.351000000 100.537913044  0.215029011
 1.356740000 100.506954878  0.215095678
 1.362490000 100.523362651  0.215187458
 1.368240000 100.498555778  0.215178743
 1.373990000 100.474892849  0.215184989
 1.379740000 100.374307785  0.215075641
 1.385490000 100.334879047  0.215002657
 1.391250000 100.348777924  0.215113545
 1.397010000 100.365975662  0.215269909
 1.402760000 100.401636533  0.215456261
 1.408520000 100.394957254  0.215577847
 1.414280000 100.381805448  0.215610298
 1.420040000 100.417032813  0.215716045
 1.425810000 100.418643530  0.215831182
 1.431570000 100.366601444  0.215829682
 1.437340000 100.339427136  0.215802015
 1.443110000 100.339606267  0.215959308
 1.448880000 100.287494261  0.215839292
 1.454660000 100.245614820  0.215722286
 1.460430000 100.222728439  0.215790157
 1.466210000 100.232369570  0.215914658
 1.471990000 100.204243731  0.215899360
 1.477770000 100.200968651  0.216022903
 1.483550000 100.253882181  0.216178810
 1.489340000 100.270368211  0.216254746
 1.495130000 100.224610213  0.216283901
 1.500920000 100.224674036  0.216318166
 1.506710000 100.185552963  0.216321532
 1.512510000 100.189416742  0.216290723
 1.518300000 100.164107246  0.216403266
 1.524100000 100.133134888  0.216410978
 1.529910000 100.102750764  0.216446666
 1.535710000 100.112123939  0.216513920
 1.541520000 100.143443043  0.216586565
 1.547330000 100.078604952  0.216592242
 1.553150000 100.122249744  0.216748873
 1.558960000 100.147765093  0.216824373
 1.564780000 100.058355324  0.216610210
 1.570610000 100.047195163  0.216619151
 1.576430000 100.015492582  0.216665671
 1.582250000 99.921422674  0.216518013
 1.588070000 99.939695383  0.216621463
 1.593890000 100.008972699  0.216844679
 1.599710000 99.983128176  0.216767262
 1.605530000 99.915197584  0.216682285
 1.611350000 99.962723736  0.216852952
 1.617170000 99.954175810  0.216912706
 1.622990000 99.941157419  0.216969884
 1.628810000 99.926921222  0.217033312
 1.634630000 99.957641956  0.217137839
 1.640440000 99.945034220  0.217197166
 1.646260000 99.953315916  0.217312905
 1.652080000 99.941064260  0.217394675
 1.657890000 99.951775286  0.217396621
 1.663710000 99.905786865  0.217324329
 1.669530000 99.789446126  0.217103158
 1.675340000 99.801786572  0.217228572
 1.681150000 99.916000128  0.217521554
 1.686970000 99.756032763  0.217226090
 1.692780000 99.708616469  0.217211057
 1.698600000 99.853267136  0.217643298
 1.704410000 99.898436722  0.217747328
 1.710220000 99.773932472  0.217558773
 1.716040000 99.736626021  0.217474338
 1.721850000 99.806161989  0.217602863
 1.727660000 99.785103423  0.217631661
 1.733480000 99.778508458  0.217746672
 1.739290000 99.809808904  0.217819750
 1.745100000 99.799237060  0.217833783
 1.750910000 99.763539295  0.217881035
 1.756720000 99.719377222  0.217737530
 1.762540000 99.708463690  0.217804143
 1.768350000 99.733953227  0.217919496
 1.774160000 99.689414646  0.217854276
 1.779970000 99.693606351  0.217879913
 1.785780000 99.703461342  0.217976786
 1.791600000 99.652479217  0.217885811
 1.797410000 99.660077514  0.217933375
 1.803220000 99.690945649  0.218076789
 1.809030000 99.678323200  0.218107347
 1.814840000 99.652865608  0.218106020
 1.820650000 99.655848860  0.218177859
 1.826460000 99.675754864  0.218255799
 1.832280000 99.663049856  0.218339192
 1.838090000 99.671846714  0.218394084
 1.843900000 99.651761568  0.218439302
 1.849710000 99.589539938  0.218294718
 1.855520000 99.559957627  0.218168620
 1.861340000 99.562116024  0.218301393
 1.867150000 99.603103171  0.218386630
 1.872960000 99.614106177  0.218470723
 1.878770000 99.579451899  0.218474220
 1.884590000 99.568350432  0.218507674
 1.890400000 99.542625779  0.218485619
 1.896210000 99.537870369  0.218423799
 1.902030000 99.576595354  0.218598476
 1.907840000 99.577308466  0.218596622
 1.913650000 99.512163122  0.218584379
 1.919470000 99.508011038  0.218579792
 1.925280000 99.521669810  0.218605760
 1.931100000 99.522703072  0.218670554
 1.936910000 99.483254792  0.218618937
 1.942730000 99.494317702  0.218673501
 1.948540000 99.507593437  0.218776275
 1.954360000 99.471693113  0.218709013
 1.960180000 99.403916570  0.218549983
 1.965990000 99.427432671  0.218603204
 1.971810000 99.406709445  0.218645622
 1.977630000 99.388366497  0.218627177
 1.983450000 99.367100491  0.218635905
 1.989270000 99.396606223  0.218695080
 1.995090000 99.393626279  0.218758120
 2.000910000 99.410726936  0.218819262
 2.006730000 99.457022533  0.218984457
 2.012550000 99.456855298  0.219026825
 2.018370000 99.419198566  0.219019777
 2.024190000 99.406731535  0.219020593
 2.030010000 99.316983042  0.218878494
 2.035840000 99.314150608  0.218868436
 2.041660000 99.391847052  0.219064150
 2.047480000 99.384451187  0.219121848
 2.053310000 99.358284131  0.219104855
 2.059130000 99.324660393  0.219009543
 2.064960000 99.321633914  0.219001364
 2.070790000 99.337145308  0.219101775
 2.076610000 99.357423005  0.219150592
 2.082440000 99.329335913  0.219143682
 2.088270000 99.322737607  0.219203664
 2.094100000 99.343177221  0.219288488
 2.099930000 99.341258845  0.219302470
 2.105760000 99.307408889  0.219253739
 2.111600000 99.338074937  0.219387810
 2.117430000 99.367892805  0.219492673
 2.123260000 99.319568912  0.219401520
 2.129100000 99.250626086  0.219321435
 2.134930000 99.230058717  0.219307332
 2.140770000 99.292406413  0.219367557
 2.146610000 99.302457813  0.219488363
 2.152440000 99.314796474  0.219557779
 2.158280000 99.283019799  0.219481390
 2.164120000 99.227049647  0.219384408
 2.169960000 99.211759680  0.219341597
 2.175810000 99.224651005  0.219519713
 2.181650000 99.281335838  0.219683010
 2.187490000 99.277930162  0.219737041
 2.193340000 99.282607495  0.219767963
 2.199180000 99.259798551  0.219759127
 2.205030000 99.284902900  0.219783301
 2.210880000 99.233311579  0.219784552
 2.216730000 99.207716223  0.219695676
 2.222580000 99.204055765  0.219666692
 2.228430000 99.187008568  0.219634916
 2.234280000 99.130432202  0.219590244
 2.240130000 99.184657200  0.219717284
 2.245990000 99.207481595  0.219826952
 2.251840000 99.170002978  0.219830152
 2.257700000 99.241798563  0.219936909
 2.263560000 99.234653051  0.220014312
 2.269410000 99.192715887  0.219892759
 2.275280000 99.173109143  0.219890171
 2.281140000 99.151612461  0.219841272
 2.287000000 99.153684604  0.219936794
 2.292860000 99.189400207  0.220020568
 2.298730000 99.131335164  0.219970173
 2.304600000 99.163208405  0.220039535
 2.310460000 99.172298766  0.220105979
 2.316330000 99.157027537  0.220074907
 2.322200000 99.153047741  0.220081526
 2.328070000 99.157975775  0.220115113
 2.333950000 99.131630030  0.220170157
 2.339820000 99.145502195  0.220181641
 2.345700000 99.113442276  0.220156051
 2.351580000 99.114381116  0.220143646
 2.357450000 99.133998540  0.220190572
 2.363330000 99.052594368  0.220105964
 2.369200000 99.024294959  0.220060468
 2.375080000 99.009691588  0.220010372
 2.380950000 99.019033934  0.220059522
 2.386830000 99.092288273  0.220282928
 2.392700000 99.108188638  0.220397600
 2.398580000 99.092400854  0.220409843
 2.404450000 99.101961299  0.220448906
 2.410330000 99.093071410  0.220392775
 2.416200000 99.025758981  0.220245785
 2.422070000 99.039838421  0.220327002
 2.427950000 99.003757337  0.220238287
 2.433820000 98.985508689  0.220170936
 2.439690000 99.024936409  0.220324254
 2.445570000 98.995078323  0.220299613
 2.451440000 99.019442826  0.220386912
 2.457310000 99.076812920  0.220568240
 2.463180000 99.050667649  0.220590749
 2.469050000 99.059360382  0.220580585
 2.474930000 99.064044209  0.220597893
 2.480800000 98.969063977  0.220476842
 2.486670000 98.984212304  0.220435502
 2.492540000 98.963352734  0.220483858
 2.498410000 98.984710108  0.220527003
 2.504280000 98.984291480  0.220621722
 2.510150000 98.998559467  0.220649434
 2.516020000 98.942810976  0.220480053
 2.521890000 98.937513528  0.220547655
 2.527760000 99.031823492  0.220715476
 2.533630000 98.966726252  0.220650299
 2.539500000 98.971703075  0.220739532
 2.545370000 99.001665710  0.220780053
 2.551240000 98.909813827  0.220586649
 2.557110000 98.932788188  0.220592551
 2.562980000 98.972839254  0.220833835
 2.568850000 98.987383029  0.220813647
 2.574720000 98.974605576  0.220885635
 2.580590000 98.985007123  0.220937818
 2.586460000 98.965418695  0.220961088
 2.592330000 98.972339029  0.220881579
 2.598200000 98.903504852  0.220787685
 2.604060000 98.922987046  0.220794785
 2.609930000 98.900410469  0.220868899
 2.615800000 98.930926336  0.220926584
 2.621670000 98.882563268  0.220804645
 2.627540000 98.875246686  0.220810472
 2.633410000 98.884436010  0.220811956
 2.639280000 98.860863223  0.220775613
 2.645140000 98.873686114  0.220937952
 2.651010000 98.912477069  0.221012031
 2.656880000 98.908937935  0.221016990
 2.662750000 98.865580950  0.220918637
 2.668620000 98.867663726  0.220946998
 2.674490000 98.884055102  0.221017308
 2.680350000 98.839041287  0.220945859
 2.686220000 98.848715113  0.220956520
 2.692090000 98.835853644  0.221000027
 2.697960000 98.785801717  0.220856697
 2.703830000 98.824709253  0.220949124
 2.709700000 98.889113628  0.221135015
 2.715560000 98.903049158  0.221144734
 2.721430000 98.834126071  0.221090511
 2.727300000 98.831338671  0.221061592
 2.733170000 98.855167118  0.221119603
 2.739040000 98.789415054  0.221031614
 2.744900000 98.772307649  0.221031801
 2.750770000 98.808666774  0.221095995
 2.756640000 98.818075738  0.221134137
 2.762510000 98.826180367  0.221192402
 2.768380000 98.775126842  0.221073957
 2.774250000 98.764427640  0.221060846
 2.780120000 98.779562872  0.221135349
 2.785980000 98.791721307  0.221152151
 2.791850000 98.768311029  0.221155713
 2.797720000 98.755295888  0.221143761
 2.803590000 98.762518949  0.221168827
 2.809460000 98.771156588  0.221220828
 2.815330000 98.711651235  0.221018779
 2.821200000 98.710914498  0.221043448
 2.827070000 98.737913310  0.221188441
 2.832940000 98.712602643  0.221131054
 2.838810000 98.721161988  0.221164329
 2.844670000 98.767305410  0.221261410
 2.850540000 98.778457815  0.221313796
 2.856410000 98.772145100  0.221443248
 2.862280000 98.806629782  0.221574621
 2.868150000 98.815643877  0.221530321
 2.874020000 98.782485337  0.221434394
 2.879890000 98.716058352  0.221344472
 2.885760000 98.761319782  0.221465320
 2.891630000 98.751116849  0.221364529
 2.897510000 98.674732827  0.221199839
 2.903380000 98.689503835  0.221342438
 2.909250000 98.752879552  0.221447480
 2.915120000 98.755030420  0.221525699
 2.920990000 98.754093142  0.221577547
 2.926860000 98.722188413  0.221473038
 2.932730000 98.738074600  0.221504410
 2.938600000 98.757291642  0.221587194
 2.944480000 98.756918357  0.221551555
 2.950350000 98.721718562  0.221593903
 2.956220000 98.691261715  0.221547098
 2.962090000 98.631795902  0.221330555
 2.967970000 98.654703455  0.221423907
 2.973840000 98.648572373  0.221422417
 2.979710000 98.645009932  0.221446785
 2.985590000 98.731817398  0.221674433
 2.991460000 98.726489819  0.221697641
 2.997330000 98.659743477  0.221557142
 3.003210000 98.613452424  0.221383683
 3.009080000 98.545601202  0.221268259
 3.014960000 98.567419859  0.221338043
 3.020830000 98.633133155  0.221413262
 3.026710000 98.645907917  0.221517522
 3.032580000 98.704538348  0.221604593
 3.038460000 98.742295087  0.221773576
 3.044330000 98.756454977  0.221862327
 3.050210000 98.718985260  0.221752594
 3.056090000 98.671845806  0.221725694
 3.061960000 98.681590685  0.221699068
 3.067840000 98.668853465  0.221666488
 3.073720000 98.605435331  0.221585670
 3.079600000 98.593378149  0.221519007
 3.085470000 98.637276547  0.221701682
 3.091350000 98.661920218  0.221756672
 3.097230000 98.654031262  0.221771572
 3.103110000 98.641603253  0.221760814
 3.108990000 98.542780483  0.221759248
 3.114870000 98.629247580  0.221865658
 3.120750000 98.646992846  0.221938871
 3.126630000 98.666477524  0.221921147
 3.132510000 98.611008931  0.221817324
 3.138390000 98.565778774  0.221720424
 3.144270000 98.600876853  0.221812655
 3.150150000 98.653125396  0.221929653
 3.156040000 98.644140332  0.221905871
 3.161920000 98.679303760  0.222064506
 3.167800000 98.743018840  0.222247936
 3.173690000 98.737573214  0.222228446
 3.179570000 98.717319002  0.222117374
 3.185450000 98.674871508  0.222062525
 3.191340000 98.645402933  0.221931396
 3.197220000 98.578770196  0.221858414
 3.203110000 98.579903120  0.221808586
 3.208990000 98.561403577  0.221774600
 3.214880000 98.587633588  0.221849712
 3.220770000 98.604384841  0.221926895
 3.226650000 98.586535461  0.221861662
 3.232540000 98.594787242  0.221913044
 3.238430000 98.630687052  0.222023638
 3.244310000 98.599182759  0.222000126
 3.250200000 98.585916835  0.221985022
 3.256090000 98.599537469  0.222001629
 3.261980000 98.551435048  0.221937890
 3.267870000 98.553059031  0.221947409
 3.273760000 98.568234870  0.222026897
 3.279650000 98.588713811  0.222062657
 3.285540000 98.573955323  0.222098297
 3.291440000 98.625735695  0.222061070
 3.297330000 98.565262259  0.222038834
 3.303220000 98.548711208  0.222032337
 3.309110000 98.543420895  0.222017188
 3.315010000 98.538405983  0.221983351
 3.320900000 98.592516889  0.222142687
 3.326800000 98.585004087  0.222205405
 3.332690000 98.583743134  0.222153592
 3.338590000 98.555360124  0.222087407
 3.344480000 98.511699768  0.222043205
 3.350380000 98.495530796  0.222024656
 3.356280000 98.599290752  0.222283808
 3.362180000 98.611346503  0.222356796
 3.368070000 98.573684441  0.222378459
 3.373970000 98.601609525  0.222417527
 3.379870000 98.603612605  0.222451016
 3.385770000 98.544120173  0.222251439
 3.391670000 98.541110550  0.222257914
 3.397570000 98.559911666  0.222371154
 3.403470000 98.562193432  0.222370872
 3.409380000 98.576492611  0.222414254
 3.415280000 98.533137990  0.222353399
 3.421180000 98.522311258  0.222330185
 3.427090000 98.461113649  0.222158347
 3.432990000 98.503403139  0.222220047
 3.438900000 98.559187597  0.222395373
 3.444800000 98.545050594  0.222365115
 3.450710000 98.479082143  0.222281862
 3.456610000 98.506715526  0.222309870
 3.462520000 98.560484382  0.222489162
 3.468430000 98.565656369  0.222575059
 3.474340000 98.579269568  0.222602844
 3.480250000 98.562267441  0.222571197
 3.486160000 98.537137424  0.222486088
 3.492070000 98.465863887  0.222355022
 3.497980000 98.416256411  0.222185211
 3.503890000 98.398621392  0.222187783
 3.509800000 98.446614199  0.222274092
 3.515710000 98.430725943  0.222244175
 3.521630000 98.374797110  0.222140495
 3.527540000 98.412580336  0.222274011
 3.533450000 98.465389668  0.222354151
 3.539360000 98.425025415  0.222369050
 3.545280000 98.489074718  0.222497444
 3.551190000 98.486651855  0.222545038
 3.557100000 98.489639819  0.222481047
 3.563010000 98.451124704  0.222369294
 3.568920000 98.392839339  0.222268604
 3.574830000 98.447133481  0.222450374
 3.580740000 98.502994887  0.222553861
 3.586650000 98.447929136  0.222431716
 3.592570000 98.452696201  0.222452671
 3.598480000 98.422591962  0.222508150
 3.604390000 98.506015988  0.222652101
 3.610300000 98.479123930  0.222607714
 3.616210000 98.427851935  0.222500328
 3.622120000 98.416561361  0.222495749
 3.628030000 98.373927065  0.222420889
 3.633940000 98.377128391  0.222410581
 3.639850000 98.369724442  0.222374285
 3.645760000 98.327062055  0.222216573
 3.651670000 98.287526730  0.222084370
 3.657580000 98.335459839  0.222237213
 3.663490000 98.387553653  0.222418525
 3.669400000 98.439111648  0.222539388
 3.675310000 98.439055192  0.222543122
 3.681210000 98.428203804  0.222565606
 3.687120000 98.435956890  0.222556647
 3.693030000 98.434917146  0.222586291
 3.698940000 98.453626400  0.222577058
 3.704850000 98.422477064  0.222498083
 3.710760000 98.420013890  0.222532902
 3.716670000 98.375633580  0.222497836
 3.722580000 98.391679085  0.222496556
 3.728490000 98.409260691  0.222568326
 3.734390000 98.412096338  0.222686485
 3.740300000 98.430902171  0.222723783
 3.746210000 98.410324545  0.222647328
 3.752120000 98.324284666  0.222464239
 3.758030000 98.332283443  0.222448193
 3.763930000 98.407666886  0.222741966
 3.769840000 98.471013450  0.222824040
 3.775750000 98.400542595  0.222664598
 3.781660000 98.387649773  0.222652509
 3.787570000 98.395941523  0.222704007
 3.793470000 98.401057322  0.222752739
 3.799380000 98.394382688  0.222764300
 3.805290000 98.419845575  0.222894669
 3.811200000 98.438187412  0.222908242
 3.817100000 98.429036532  0.222874734
 3.823010000 98.378522697  0.222753452
 3.828920000 98.375477025  0.222769075
 3.834830000 98.402123467  0.222803994
 3.840730000 98.403238256  0.222819359
 3.846640000 98.398326612  0.222813571
 3.852550000 98.332137125  0.222718974
 3.858460000 98.341308341  0.222696547
 3.864360000 98.343607851  0.222757664
 3.870270000 98.344500715  0.222808423
 3.876180000 98.359145057  0.222826015
 3.882080000 98.309797785  0.222657923
 3.887990000 98.340730881  0.222759163
 3.893900000 98.326894512  0.222747294
 3.899800000 98.299155987  0.222676139
 3.905710000 98.294593643  0.222622175
 3.911620000 98.307248514  0.222635530
 3.917520000 98.287501376  0.222698270
 3.923430000 98.344753868  0.222842744
 3.929340000 98.346861659  0.222935934
 3.935240000 98.372097303  0.222960484
 3.941150000 98.314770738  0.222755910
 3.947060000 98.328047950  0.222806590
 3.952960000 98.319753477  0.222811078
 3.958870000 98.305275777  0.222723851
 3.964780000 98.320748951  0.222791044
 3.970680000 98.344754379  0.222846154
 3.976590000 98.288345078  0.222748889
 3.982500000 98.277824000  0.222696850
 3.988400000 98.285228393  0.222742885
 3.994310000 98.291818838  0.222754941
 4.000220000 98.328848478  0.222880456
 4.006120000 98.367545312  0.222983966
 4.012030000 98.334405977  0.222929479
 4.017940000 98.330545658  0.223007526
 4.023840000 98.410065947  0.223070673
 4.029750000 98.340220515  0.222971935
 4.035650000 98.240707481  0.222759514
 4.041560000 98.218707386  0.222772957
 4.047470000 98.254037202  0.222913567
 4.053370000 98.314310505  0.222969312
 4.059280000 98.283540421  0.222960562
 4.065190000 98.237497815  0.222805342
 4.071090000 98.210827703  0.222788370
 4.077000000 98.281250615  0.222879510
 4.082910000 98.277900663  0.222894262
 4.088810000 98.310647309  0.223001182
 4.094720000 98.281789331  0.222946296
 4.100620000 98.264487682  0.222920609
 4.106530000 98.269014342  0.222942336
 4.112440000 98.299532781  0.223012201
 4.118340000 98.224901295  0.222854477
 4.124250000 98.222613212  0.222887850
 4.130160000 98.308508073  0.223085618
 4.136060000 98.228331472  0.222935873
 4.141970000 98.264097389  0.222957956
 4.147880000 98.293566772  0.223096390
 4.153780000 98.283023617  0.223092004
 4.159690000 98.250043555  0.222996101
 4.165600000 98.273698428  0.222952341
 4.171500000 98.231079639  0.222898949
 4.177410000 98.203856294  0.222884287
 4.183320000 98.232302469  0.222932638
 4.189220000 98.236441478  0.222927449
 4.195130000 98.258206251  0.222989775
 4.201040000 98.247610350  0.223062654
 4.206940000 98.274021593  0.223048697
 4.212850000 98.206823313  0.222947316
 4.218760000 98.257251029  0.222975841
 4.224660000 98.278373903  0.223101086
 4.230570000 98.257422336  0.223059104
 4.236480000 98.223649115  0.223053439
 4.242380000 98.261094545  0.223066211
 4.248290000 98.159131570  0.222851157
 4.254200000 98.197485273  0.222924957
 4.260110000 98.219541533  0.222994935
 4.266010000 98.256973454  0.223045646
 4.271920000 98.226008352  0.223065551
 4.277830000 98.201725828  0.222975078
 4.283740000 98.210157828  0.223015292
 4.289640000 98.237459854  0.222999991
 4.295550000 98.175069201  0.222923575
 4.301460000 98.225568998  0.223008787
 4.307370000 98.162848298  0.222910003
 4.313270000 98.219431762  0.223045257
 4.319180000 98.234924988  0.223113969
 4.325090000 98.175580111  0.223003428
 4.331000000 98.230839123  0.223077924
 4.336900000 98.223022071  0.223102767
 4.342810000 98.217963444  0.223141353
 4.348720000 98.292519497  0.223298861
 4.354630000 98.253697250  0.223291397
 4.360540000 98.243921020  0.223200105
 4.366450000 98.164783031  0.222956929
 4.372350000 98.118305612  0.222814584
 4.378260000 98.145935026  0.222953105
 4.384170000 98.140696377  0.223003348
 4.390080000 98.117553711  0.222952656
 4.395990000 98.154291008  0.223002352
 4.401900000 98.234467896  0.223177904
 4.407810000 98.293905710  0.223404591
 4.413710000 98.243864893  0.223300731
 4.419620000 98.224516840  0.223160119
 4.425530000 98.207983623  0.223189703
 4.431440000 98.187259837  0.223128898
 4.437350000 98.162208107  0.223064949
 4.443260000 98.218479720  0.223238749
 4.449170000 98.230093669  0.223259835
 4.455080000 98.078562478  0.223020664
 4.460990000 98.252898659  0.223343155
 4.466900000 98.255120598  0.223285735
 4.472810000 98.174714467  0.223145070
 4.478720000 98.222064293  0.223264108
 4.484630000 98.204910729  0.223255886
 4.490540000 98.165172917  0.223117260
 4.496450000 98.133719824  0.223082696
 4.502360000 98.194271780  0.223211787
 4.508270000 98.245901816  0.223263718
 4.514180000 98.195295814  0.223230300
 4.520090000 98.142575975  0.223214199
 4.526000000 98.188143017  0.223239030
 4.531910000 98.164653392  0.223261840
 4.537820000 98.196582395  0.223264171
 4.543730000 98.175908620  0.223301374
 4.549650000 98.159083510  0.223297501
 4.555560000 98.187849350  0.223269351
 4.561470000 98.200165403  0.223320200
 4.567380000 98.157795898  0.223278720
 4.573290000 98.118654458  0.223202177
 4.579200000 98.109069718  0.223245329
 4.585120000 98.151193266  0.223272472
 4.591030000 98.164086458  0.223314749
 4.596940000 98.142318795  0.223231965
 4.602850000 98.148282211  0.223296271
 4.608770000 98.203644082  0.223408064
 4.614680000 98.255397981  0.223578178
 4.620590000 98.221183312  0.223410088
 4.626500000 98.221628137  0.223485369
 4.632420000 98.226253142  0.223515655
 4.638330000 98.194345158  0.223420387
 4.644240000 98.103287903  0.223306675
 4.650160000 98.125544711  0.223304193
 4.656070000 98.156983243  0.223371824
 4.661990000 98.139637470  0.223427808
 4.667900000 98.199562601  0.223488886
 4.673810000 98.168025197  0.223437527
 4.679730000 98.175946049  0.223448524
 4.685640000 98.192349281  0.223451189
 4.691560000 98.128688977  0.223377954
 4.697470000 98.130487177  0.223346099
 4.703390000 98.150819861  0.223452527
 4.709300000 98.142630137  0.223500648
 4.715220000 98.204009400  0.223588774
 4.721130000 98.201112762  0.223629656
 4.727050000 98.146108706  0.223547126
 4.732960000 98.150794847  0.223517699
 4.738880000 98.190685143  0.223628522
 4.744790000 98.127596509  0.223520407
 4.750710000 98.163255325  0.223534392
 4.756630000 98.101265692  0.223407514
 4.762540000 98.104957954  0.223388874
 4.768460000 98.088818362  0.223469735
 4.774380000 98.072889424  0.223463072
 4.780290000 98.085382451  0.223482293
 4.786210000 98.111434734  0.223510156
 4.792130000 98.093318413  0.223428090
 4.798050000 98.107494065  0.223471118
 4.803960000 98.133245452  0.223558007
 4.809880000 98.122312638  0.223489208
 4.815800000 98.088919481  0.223444220
 4.821720000 98.107764068  0.223487472
 4.827640000 98.076816651  0.223376453
 4.833560000 98.040549325  0.223359264
 4.839480000 98.106842152  0.223492622
 4.845390000 98.103431689  0.223498923
 4.851310000 98.066747438  0.223459117
 4.857230000 98.108812631  0.223509463
 4.863150000 98.073074767  0.223444614
 4.869070000 98.098081779  0.223432966
 4.874990000 98.125300406  0.223515779
 4.880910000 98.118397811  0.223589009
 4.886830000 98.154291778  0.223583219
 4.892750000 98.112967479  0.223544732
 4.898670000 98.139920928  0.223635063
 4.904600000 98.137246268  0.223639089
 4.910520000 98.095369525  0.223539619
 4.916440000 98.067624081  0.223523463
 4.922360000 98.030429691  0.223403806
 4.928280000 98.042857614  0.223369769
 4.934200000 98.062558802  0.223434463
 4.940130000 97.995556138  0.223333155
 4.946050000 98.025233946  0.223326118
 4.951970000 98.055277610  0.223386833
 4.957890000 98.118154504  0.223519661
 4.963820000 98.109509917  0.223512921
 4.969740000 98.080745242  0.223505531
 4.975660000 98.079015886  0.223489380
 4.981590000 98.053048908  0.223487081
 4.987510000 98.092725970  0.223522311
 4.993440000 98.086432254  0.223644514
 4.999360000 98.124930564  0.223567305
 5.005290000 98.124847131  0.223626954
 5.011210000 98.098326194  0.223616251
 5.017140000 98.101941098  0.223540910
 5.023060000 98.021245015  0.223375557
 5.028990000 97.989565179  0.223373453
 5.034910000 98.053962530  0.223459997
 5.040840000 98.038998029  0.223432725
 5.046770000 98.017630387  0.223442622
 5.052690000 98.096101337  0.223592839
 5.058620000 98.090517063  0.223545686
 5.064550000 98.023574325  0.223427022
 5.070470000 98.015631668  0.223348771
 5.076400000 97.974290395  0.223280048
 5.082330000 98.074200779  0.223451247
 5.088260000 98.065605516  0.223480679
 5.094180000 97.992498389  0.223403762
 5.100110000 98.034681413  0.223536244
 5.106040000 98.097685847  0.223771684
 5.111970000 98.150768718  0.223690959
 5.117900000 98.006219963  0.223426015
 5.123830000 98.049996018  0.223655081
 5.129760000 98.209206059  0.223993171
 5.135690000 98.184730176  0.223974205
 5.141620000 98.160212703  0.223853359
 5.147550000 98.100328770  0.223671162
 5.153480000 98.056177509  0.223609973
 5.159410000 98.011463489  0.223559345
 5.165340000 98.064060678  0.223702174
 5.171280000 98.110933341  0.223824714
 5.177210000 98.088258677  0.223741280
 5.183140000 97.977725831  0.223475393
 5.189070000 97.956670373  0.223446259
 5.195000000 98.043217769  0.223651738
 5.200940000 98.028149696  0.223614432
 5.206870000 98.045066043  0.223593248
 5.212800000 98.048333831  0.223607475
 5.218740000 98.057027420  0.223708325
 5.224670000 97.991230244  0.223572491
 5.230610000 97.977332019  0.223634453
 5.236540000 98.053186544  0.223792758
 5.242470000 98.035354895  0.223754841
 5.248410000 97.970368167  0.223656871
 5.254340000 98.004892881  0.223714351
 5.260280000 97.997685507  0.223648430
 5.266210000 97.986236680  0.223565982
 5.272140000 98.024453151  0.223614558
 5.278080000 98.066945184  0.223780060
 5.284010000 98.102945926  0.223906523
 5.289940000 98.093128320  0.223755712
 5.295880000 98.013156643  0.223699550
 5.301810000 98.015315816  0.223707681
 5.307740000 98.060701791  0.223771919
 5.313680000 98.075314152  0.223856610
 5.319610000 98.106662673  0.223867016
 5.325540000 98.068008038  0.223821568
 5.331480000 98.022660188  0.223728713
 5.337410000 98.008613367  0.223577476
 5.343340000 98.005173022  0.223620209
 5.349270000 97.982060028  0.223605146
 5.355210000 97.984201133  0.223687719
 5.361140000 98.007960751  0.223773286
 5.367070000 98.032931460  0.223818501
 5.373000000 98.036628175  0.223836390
 5.378940000 98.037747659  0.223787011
 5.384870000 97.981722557  0.223674779
 5.390800000 98.028130891  0.223770184
 5.396730000 98.094406480  0.223974092
 5.402670000 98.149514696  0.223991189
 5.408600000 98.105056120  0.223974402
 5.414530000 98.100586478  0.223982052
 5.420460000 98.021659614  0.223925474
 5.426400000 98.009399734  0.223908868
 5.432330000 98.086695644  0.224055233
 5.438260000 98.053469867  0.224039937
 5.444190000 98.054434122  0.223936069
 5.450120000 97.979035791  0.223877423
 5.456060000 98.042619920  0.223971863
 5.461990000 98.084323789  0.224081063
 5.467920000 98.027130325  0.223948930
 5.473850000 98.032726642  0.223887053
 5.479780000 98.006243215  0.223851140
 5.485710000 97.998463482  0.223793318
 5.491650000 97.988600730  0.223882416
 5.497580000 97.982141887  0.223802085
 5.503510000 97.988270153  0.223766563
 5.509440000 98.011708443  0.223802520
 5.515370000 97.949967063  0.223733806
 5.521300000 97.935689224  0.223712396
 5.527230000 97.893900502  0.223600519
 5.533170000 97.903755170  0.223594169
 5.539100000 97.903785578  0.223579650
 5.545030000 97.935097937  0.223651301
 5.550960000 97.955365323  0.223709340
 5.556890000 97.874964844  0.223485919
 5.562820000 97.893496069  0.223519023
 5.568750000 97.925378428  0.223589386
 5.574680000 97.954395357  0.223699745
 5.580610000 98.007626657  0.223744089
 5.586550000 98.013988727  0.223786653
 5.592480000 97.979942619  0.223780694
 5.598410000 97.931627072  0.223725595
 5.604340000 97.996427780  0.223723219
 5.610270000 97.977246069  0.223771511
 5.616200000 97.965225306  0.223725889
 5.622130000 97.950174420  0.223765074
 5.628060000 98.052749849  0.223954130
 5.633990000 98.006559273  0.223894404
 5.639920000 97.952855393  0.223840917
 5.645850000 97.951252984  0.223754530
 5.651780000 97.933997087  0.223738711
 5.657710000 97.994453168  0.223792546
 5.663640000 98.004853268  0.223871504
 5.669570000 97.988019969  0.223815509
 5.675510000 97.949989511  0.223858028
 5.681440000 97.929828052  0.223849957
 5.687370000 97.971882459  0.223921209
 5.693300000 97.966859043  0.223953078
 5.699230000 97.984693849  0.224013402
 5.705160000 98.022981221  0.224127911
 5.711090000 98.004219813  0.224088305
 5.717020000 97.997953364  0.223953019
 5.722950000 98.009067451  0.224023310
 5.728880000 98.013372566  0.223995226
 5.734810000 97.974432651  0.223906601
 5.740740000 97.969372951  0.223889191
 5.746670000 97.960199629  0.223925244
 5.752600000 97.965237749  0.223975215
 5.758530000 97.904505674  0.223747742
 5.764460000 97.903027234  0.223749352
 5.770390000 97.884137223  0.223667018
 5.776320000 97.854061081  0.223657333
 5.782250000 97.915933986  0.223748334
 5.788180000 97.911530629  0.223753252
 5.794110000 97.916085570  0.223746333
 5.800040000 97.924702112  0.223805091
 5.805970000 97.896828078  0.223819240
 5.811900000 97.983846241  0.223960337
 5.817830000 97.972455428  0.224022663
 5.823760000 97.986148884  0.224082325
 5.829690000 98.014909888  0.224145697
 5.835620000 97.971031102  0.224026374
 5.841550000 97.926748365  0.224023236
 5.847480000 98.013566562  0.224124809
 5.853410000 97.987521248  0.224048277
 5.859330000 97.991524374  0.223991576
 5.865260000 98.023605097  0.224152095
 5.871190000 97.994596123  0.224181010
 5.877120000 97.974027637  0.224106042
 5.883050000 97.956279383  0.224047914
 5.888980000 97.960874654  0.224124369
 5.894910000 97.999837982  0.224104971
 5.900840000 97.915988936  0.223955908
 5.906770000 97.933271104  0.223971802
 5.912700000 97.934337517  0.223989950
 5.918630000 97.981442275  0.224137499
 5.924560000 98.047479192  0.224215105
 5.930490000 97.935342545  0.224002565
 5.936420000 97.960919311  0.224058280
 5.942350000 98.009545272  0.224233069
 5.948280000 97.968494903  0.224095554
 5.954210000 97.960405714  0.224080667
 5.960140000 97.975062959  0.224167921
 5.966070000 97.974412362  0.224105196
 5.972000000 97.950934556  0.224033582
 5.977920000 97.949596179  0.224069188
 5.983850000 97.968096125  0.224230255
 5.989780000 97.993462131  0.224265890
 5.995710000 97.970879726  0.224172009
 6.001640000 97.936867707  0.224227009
 6.007570000 97.989686379  0.224297437
 6.013500000 97.944489025  0.224170931
 6.019430000 97.891839286  0.224026491
 6.025360000 97.870336058  0.223992667
 6.031290000 97.923280045  0.224022068
 6.037220000 97.854619884  0.223936950
 6.043150000 97.891115674  0.223933370
 6.049080000 97.916464210  0.224099442
 6.055010000 97.922783933  0.224097577
 6.060940000 97.939413126  0.224175384
 6.066870000 97.969751390  0.224249602
 6.072790000 97.967665975  0.224242657
 6.078720000 97.910311061  0.224084743
 6.084650000 97.966375045  0.224142068
 6.090580000 97.947666985  0.224164450
 6.096510000 97.953112401  0.224248209
 6.102440000 97.995653085  0.224398757
 6.108370000 97.974830888  0.224316246
 6.114300000 97.877943392  0.224025163
 6.120230000 97.929816040  0.224125991
 6.126160000 98.005324637  0.224354392
 6.132090000 98.029599743  0.224392746
 6.138020000 97.875675280  0.224032301
 6.143950000 97.881856774  0.224078242
 6.149880000 97.953432698  0.224324595
 6.155800000 98.005852806  0.224360286
 6.161730000 97.935597033  0.224231161
 6.167660000 97.954311828  0.224290109
 6.173590000 98.007211090  0.224426985
 6.179520000 97.940042141  0.224332991
 6.185450000 97.898665868  0.224195029
 6.191380000 97.837040770  0.224026348
 6.197310000 97.825602355  0.224001870
 6.203240000 97.847946669  0.224061474
 6.209170000 97.852652445  0.224080305
 6.215100000 97.884143752  0.224060934
 6.221030000 97.912625122  0.224142494
 6.226960000 97.917439428  0.224182572
 6.232890000 97.932895161  0.224224884
 6.238820000 97.967891254  0.224311954
 6.244750000 97.913652356  0.224235024
 6.250670000 97.881909964  0.224187459
 6.256600000 97.944595597  0.224223333
 6.262530000 97.883218230  0.224150793
 6.268460000 97.922423363  0.224172987
 6.274390000 97.872742361  0.224153903
 6.280320000 97.799143174  0.224022993
 6.286250000 97.935394073  0.224170205
 6.292180000 97.864062676  0.224093991
 6.298110000 97.856423006  0.224101328
 6.304040000 97.861433632  0.224159497
 6.309970000 97.851658201  0.224120792
 6.315900000 97.878345882  0.224105679
 6.321830000 97.889154489  0.224129328
 6.327760000 97.901738795  0.224229634
 6.333690000 97.883451113  0.224108613
 6.339620000 97.838427046  0.224026910
 6.345550000 97.892946421  0.224154793
 6.351480000 97.888826716  0.224165880
 6.357410000 97.847731605  0.224148499
 6.363340000 97.917913628  0.224301272
 6.369270000 97.953480802  0.224448404
 6.375200000 97.944810221  0.224374885
 6.381130000 97.892230025  0.224171731
 6.387060000 97.863322224  0.224142508
 6.392980000 97.873975153  0.224203201
 6.398910000 97.806009094  0.224019284
 6.404840000 97.825179967  0.223985567
 6.410770000 97.891300436  0.224168582
 6.416700000 97.854040853  0.224166566
 6.422630000 97.864210679  0.224118760
 6.428560000 97.850048502  0.224121538
 6.434490000 97.852992484  0.224128021
 6.440420000 97.840241141  0.224132892
 6.446350000 97.911484395  0.224311101
 6.452280000 97.912816725  0.224401583
 6.458210000 97.909247991  0.224428367
 6.464140000 97.930824093  0.224495996
 6.470070000 97.948407677  0.224434363
 6.476000000 97.907939164  0.224400762
 6.481930000 97.973040145  0.224537523
 6.487860000 97.988137404  0.224533527
 6.493790000 97.872625234  0.224254841
 6.499720000 97.910784245  0.224378721
 6.505660000 97.873416911  0.224341341
 6.511590000 97.872871620  0.224275997
 6.517520000 97.837993219  0.224216043
 6.523450000 97.840545805  0.224205825
 6.529380000 97.850911008  0.224224308
 6.535310000 97.732418695  0.223977014
 6.541240000 97.807524748  0.224184786
 6.547170000 97.916566888  0.224375805
 6.553100000 97.892602065  0.224388003
 6.559030000 97.871387642  0.224300474
 6.564960000 97.878571719  0.224336627
 6.570890000 97.890082222  0.224380300
 6.576820000 97.877024229  0.224325866
 6.582750000 97.878432352  0.224291920
 6.588680000 97.855319299  0.224272962
 6.594610000 97.849670125  0.224248508
 6.600540000 97.863249119  0.224310277
 6.606470000 97.879495771  0.224319797
 6.612400000 97.813661521  0.224209663
 6.618340000 97.876535118  0.224292330
 6.624270000 97.889235110  0.224347200
 6.630200000 97.920547275  0.224427616
 6.636130000 97.885062140  0.224422891
 6.642060000 97.809362917  0.224164731
 6.647990000 97.802644767  0.224080249
 6.653920000 97.811164588  0.224103673
 6.659850000 97.746209674  0.224042798
 6.665780000 97.779617827  0.224094159
 6.671710000 97.759798324  0.224008190
 6.677650000 97.763067030  0.224043842
 6.683580000 97.780523132  0.224068025
 6.689510000 97.800466753  0.224189406
 6.695440000 97.900091315  0.224370498
 6.701370000 97.855657228  0.224251046
 6.707300000 97.848876109  0.224262788
 6.713230000 97.911077262  0.224297762
 6.719170000 97.873221231  0.224273589
 6.725100000 97.862040142  0.224322882
 6.731030000 97.860973556  0.224364622
 6.736960000 97.884944928  0.224440084
 6.742890000 97.931420885  0.224452911
 6.748820000 97.886728191  0.224433018
 6.754760000 97.883923550  0.224375810
 6.760690000 97.835816000  0.224290633
 6.766620000 97.916264532  0.224446999
 6.772550000 97.961548940  0.224608812
 6.778480000 97.890301372  0.224421827
 6.784420000 97.888332219  0.224417162
 6.790350000 97.890684704  0.224419030
 6.796280000 97.887459161  0.224409306
 6.802210000 97.898912157  0.224436260
 6.808140000 97.867292537  0.224372493
 6.814080000 97.869760022  0.224400982
 6.820010000 97.800005823  0.224236775
 6.825940000 97.794964452  0.224275410
 6.831870000 97.884373250  0.224496874
 6.837810000 97.888940942  0.224482201
 6.843740000 97.835926628  0.224316268
 6.849670000 97.892173504  0.224484642
 6.855600000 97.899047338  0.224584176
 6.861540000 97.871482696  0.224487713
 6.867470000 97.849679636  0.224421869
 6.873400000 97.861391353  0.224438853
 6.879330000 97.816456331  0.224308715
 6.885270000 97.790606230  0.224328661
 6.891200000 97.886270359  0.224475527
 6.897130000 97.918518624  0.224482181
 6.903070000 97.801593101  0.224356715
 6.909000000 97.848137312  0.224428164
 6.914930000 97.820740875  0.224313194
 6.920870000 97.765210610  0.224135187
 6.926800000 97.812991295  0.224323624
 6.932730000 97.816091664  0.224355386
 6.938670000 97.871527647  0.224491737
 6.944600000 97.848075798  0.224495179
 6.950530000 97.770695091  0.224227822
 6.956470000 97.719214308  0.224079913
 6.962400000 97.805231524  0.224312115
 6.968330000 97.848900424  0.224427915
 6.974270000 97.811125418  0.224317307
 6.980200000 97.794397020  0.224186144
 6.986140000 97.780104454  0.224136939
 6.992070000 97.814224945  0.224244872
 6.998000000 97.764809661  0.224246999
 7.003940000 97.776755266  0.224291918
 7.009870000 97.813071879  0.224353555
 7.015810000 97.838536702  0.224444492
 7.021740000 97.838688761  0.224446388
 7.027680000 97.812937203  0.224341484
 7.033610000 97.802826356  0.224313504
 7.039540000 97.812899761  0.224344785
 7.045480000 97.832087999  0.224368085
 7.051410000 97.767315762  0.224238108
 7.057350000 97.785923969  0.224280683
 7.063280000 97.779639831  0.224377594
 7.069220000 97.815894202  0.224353847
 7.075150000 97.795051400  0.224391540
 7.081090000 97.844120258  0.224455126
 7.087020000 97.833211013  0.224481826
 7.092960000 97.766857811  0.224284512
 7.098890000 97.734839955  0.224176270
 7.104830000 97.749921540  0.224243316
 7.110760000 97.806980018  0.224360455
 7.116700000 97.802788332  0.224417104
 7.122630000 97.825703584  0.224398492
 7.128570000 97.805082799  0.224359891
 7.134510000 97.710387755  0.224177335
 7.140440000 97.752591257  0.224211523
 7.146380000 97.799219504  0.224385948
 7.152310000 97.787926215  0.224234806
 7.158250000 97.739904340  0.224205380
 7.164180000 97.828685067  0.224405569
 7.170120000 97.775101701  0.224240928
 7.176060000 97.780143713  0.224282632
 7.181990000 97.762919330  0.224212859
 7.187930000 97.727434725  0.224132667
 7.193870000 97.735653502  0.224040322
 7.199800000 97.779652580  0.224232050
 7.205740000 97.794106945  0.224297786
 7.211670000 97.779629391  0.224267040
 7.217610000 97.829297816  0.224422417
 7.223550000 97.871938681  0.224463214
 7.229480000 97.865933001  0.224488862
 7.235420000 97.840997220  0.224467119
 7.241360000 97.851491543  0.224391515
 7.247300000 97.836677259  0.224436246
 7.253230000 97.815002094  0.224323539
 7.259170000 97.791549488  0.224333796
 7.265110000 97.764021048  0.224282231
 7.271040000 97.824566988  0.224339244
 7.276980000 97.823213645  0.224374320
 7.282920000 97.850967343  0.224451849
 7.288860000 97.840886266  0.224439535
 7.294800000 97.863839654  0.224473130
 7.300730000 97.855088807  0.224409119
 7.306670000 97.823179951  0.224435086
 7.312610000 97.831230354  0.224508289
 7.318550000 97.857604448  0.224575537
 7.324480000 97.860626073  0.224550108
 7.330420000 97.813981187  0.224494437
 7.336360000 97.836950805  0.224469164
 7.342300000 97.851786466  0.224445917
 7.348240000 97.790688095  0.224397060
 7.354180000 97.743988768  0.224384080
 7.360120000 97.820097278  0.224565023
 7.366050000 97.818816785  0.224472254
 7.371990000 97.735041844  0.224342392
 7.377930000 97.808565515  0.224503760
 7.383870000 97.738701163  0.224317815
 7.389810000 97.744291774  0.224383001
 7.395750000 97.825167525  0.224619954
 7.401690000 97.834862727  0.224671575
 7.407630000 97.832755003  0.224579846
 7.413570000 97.789254418  0.224471345
 7.419510000 97.846304466  0.224598684
 7.425450000 97.847736125  0.224755669
 7.431390000 97.827684508  0.224589671
 7.437330000 97.849640342  0.224567825
 7.443270000 97.845288353  0.224661505
 7.449210000 97.838035287  0.224581821
 7.455150000 97.802388506  0.224634087
 7.461090000 97.820811958  0.224658605
 7.467030000 97.798700659  0.224563639
 7.472970000 97.713896140  0.224374349
 7.478910000 97.705318566  0.224344430
 7.484850000 97.686738031  0.224293657
 7.490790000 97.733000207  0.224369655
 7.496730000 97.797488669  0.224464737
 7.502670000 97.693887951  0.224306341
 7.508610000 97.624994180  0.224111003
 7.514550000 97.645978947  0.224186676
 7.520490000 97.696582061  0.224329637
 7.526430000 97.765048189  0.224481878
 7.532370000 97.745669320  0.224522302
 7.538310000 97.800696068  0.224573248
 7.544250000 97.794656856  0.224495579
 7.550190000 97.820395523  0.224596064
 7.556130000 97.800984581  0.224602801
 7.562070000 97.793500641  0.224563842
 7.568010000 97.812640663  0.224488164
 7.573950000 97.744598523  0.224391182
 7.579890000 97.713420498  0.224361788
 7.585830000 97.727784762  0.224380038
 7.591770000 97.761103070  0.224477884
 7.597710000 97.816903206  0.224469209
 7.603650000 97.817944154  0.224545224
 7.609590000 97.837232624  0.224665216
 7.615530000 97.780529704  0.224497971
 7.621470000 97.781001246  0.224359583
 7.627410000 97.785958450  0.224549060
 7.633350000 97.849223540  0.224616781
 7.639290000 97.750759150  0.224454105
 7.645230000 97.753602925  0.224459327
 7.651170000 97.797994180  0.224595211
 7.657110000 97.796418263  0.224572197
 7.663050000 97.766044231  0.224531472
 7.668990000 97.783170665  0.224514298
 7.674930000 97.784223615  0.224567463
 7.680870000 97.844526484  0.224727976
 7.686810000 97.865576696  0.224688929
 7.692750000 97.754441001  0.224503600
 7.698690000 97.773158785  0.224527987
 7.704630000 97.807220664  0.224631370
 7.710570000 97.778143073  0.224584620
 7.716510000 97.845074675  0.224760707
 7.722450000 97.868799136  0.224793101
 7.728390000 97.788030848  0.224585182
 7.734330000 97.754489258  0.224508607
 7.740270000 97.734202436  0.224441749
 7.746210000 97.682787065  0.224443505
 7.752150000 97.716045331  0.224480803
 7.758090000 97.698154009  0.224443689
 7.764030000 97.759459624  0.224583702
 7.769970000 97.806269416  0.224613553
 7.775910000 97.771456882  0.224632665
 7.781850000 97.764587290  0.224657300
 7.787790000 97.724535892  0.224565979
 7.793730000 97.739201097  0.224502806
 7.799670000 97.743507132  0.224464986
 7.805610000 97.739789483  0.224470408
 7.811550000 97.775082449  0.224626006
 7.817490000 97.766827948  0.224591656
 7.823430000 97.748176885  0.224603977
 7.829370000 97.752175490  0.224532656
 7.835310000 97.726160760  0.224496137
 7.841250000 97.758427394  0.224503817
 7.847190000 97.762750016  0.224529342
 7.853130000 97.720664494  0.224548076
 7.859070000 97.777395145  0.224534276
 7.865010000 97.755815140  0.224574727
 7.870950000 97.779148050  0.224590906
 7.876890000 97.774570841  0.224595814
 7.882830000 97.804857707  0.224759960
 7.888770000 97.784436246  0.224719496
 7.894710000 97.730620537  0.224449020
 7.900650000 97.753172424  0.224516035
 7.906590000 97.730438264  0.224621833
 7.912530000 97.779157616  0.224684904
 7.918470000 97.761622802  0.224723793
 7.924410000 97.815304112  0.224730961
 7.930350000 97.783956025  0.224830106
 7.936290000 97.772149854  0.224804088
 7.942230000 97.793110501  0.224843662
 7.948170000 97.833873334  0.224807994
 7.954100000 97.746965489  0.224642868
 7.960040000 97.664438658  0.224479576
 7.965980000 97.697324669  0.224508993
 7.971920000 97.720039104  0.224580368
 7.977860000 97.609276007  0.224349364
 7.983800000 97.659529091  0.224419262
 7.989740000 97.699464739  0.224507818
 7.995680000 97.746657599  0.224620076
 8.001620000 97.790343355  0.224766112
 8.007560000 97.793178079  0.224771795
 8.013500000 97.783262983  0.224735125
 8.019440000 97.781140722  0.224806951
 8.025380000 97.850816792  0.224930035
 8.031320000 97.815414219  0.224817943
 8.037260000 97.787512713  0.224797932
 8.043200000 97.785333044  0.224805810
 8.049140000 97.772432111  0.224819990
 8.055080000 97.789816435  0.224820109
 8.061020000 97.759456882  0.224745830
 8.066960000 97.766043689  0.224737913
 8.072900000 97.748437970  0.224631504
 8.078840000 97.740168749  0.224724192
 8.084780000 97.771075510  0.224742098
 8.090720000 97.817298196  0.224885661
 8.096660000 97.818786583  0.224916215
 8.102600000 97.776681457  0.224845792
 8.108540000 97.787108514  0.224817711
 8.114480000 97.770169099  0.224823248
 8.120420000 97.796552408  0.224859848
 8.126360000 97.860917013  0.225042217
 8.132300000 97.777306579  0.224850503
 8.138240000 97.753636733  0.224692160
 8.144180000 97.751841959  0.224678256
 8.150120000 97.765039159  0.224694624
 8.156060000 97.751933877  0.224697995
 8.162000000 97.723542551  0.224613284
 8.167940000 97.739709773  0.224661042
 8.173880000 97.743305635  0.224706396
 8.179820000 97.753631217  0.224719410
 8.185750000 97.726178667  0.224723568
 8.191690000 97.746576232  0.224725012
 8.197630000 97.830973033  0.224890738
 8.203570000 97.828096210  0.224901975
 8.209510000 97.763613938  0.224822978
 8.215450000 97.773478553  0.224856583
 8.221390000 97.753621412  0.224845000
 8.227330000 97.731273754  0.224796586
 8.233270000 97.772474457  0.224880000
 8.239210000 97.707225535  0.224667833
 8.245150000 97.653959479  0.224579082
 8.251090000 97.688255785  0.224758605
 8.257030000 97.753608692  0.225031444
 8.262970000 97.801578579  0.225104055
 8.268910000 97.783920651  0.225016486
 8.274850000 97.761795054  0.224892751
 8.280790000 97.758753479  0.224791532
 8.286730000 97.688907812  0.224669423
 8.292670000 97.713807938  0.224684248
 8.298610000 97.653952146  0.224610709
 8.304550000 97.643468486  0.224617205
 8.310490000 97.689429641  0.224735187
 8.316430000 97.694067929  0.224808357
 8.322370000 97.724614077  0.224877328
 8.328310000 97.744812189  0.224957078
 8.334250000 97.780158572  0.224948746
 8.340180000 97.790202219  0.225025710
 8.346120000 97.785010704  0.225018633
 8.352060000 97.797826870  0.225034884
 8.358000000 97.765210391  0.224975079
 8.363940000 97.750695151  0.224930591
 8.369880000 97.745767949  0.224846369
 8.375820000 97.747130800  0.224889710
 8.381760000 97.757277309  0.224945545
 8.387700000 97.707509864  0.224781119
 8.393640000 97.736586307  0.224792323
 8.399580000 97.799959495  0.224940691
 8.405520000 97.766865901  0.224964726
 8.411460000 97.755786646  0.224922287
 8.417400000 97.733584304  0.224808558
 8.423340000 97.719855270  0.224859319
 8.429280000 97.764400958  0.224946469
 8.435220000 97.751098422  0.224946353
 8.441160000 97.763562421  0.224955753
 8.447100000 97.766065435  0.224997490
 8.453040000 97.772623229  0.224970988
 8.458980000 97.750499534  0.224938308
 8.464910000 97.747457815  0.224910609
 8.470850000 97.731362892  0.224845043
 8.476790000 97.710193212  0.224771275
 8.482730000 97.641925637  0.224597693
 8.488670000 97.613259737  0.224586204
 8.494610000 97.660089851  0.224710570
 8.500550000 97.683621318  0.224796457
 8.506490000 97.702204551  0.224849186
 8.512430000 97.672821744  0.224666692
 8.518370000 97.631306091  0.224630579
 8.524310000 97.641600462  0.224710695
 8.530250000 97.712187872  0.224789160
 8.536190000 97.675122125  0.224806688
 8.542130000 97.703292892  0.224864475
 8.548070000 97.691823477  0.224835039
 8.554010000 97.645697573  0.224703438
 8.559950000 97.707314830  0.224849700
 8.565890000 97.637558236  0.224684999
 8.571820000 97.670222860  0.224801910
 8.577760000 97.761788022  0.225015428
 8.583700000 97.739608471  0.224980154
 8.589640000 97.768427129  0.224932193
 8.595580000 97.709308728  0.224822301
 8.601520000 97.730083905  0.224906138
 8.607460000 97.702337395  0.224874398
 8.613400000 97.675806838  0.224833481
 8.619340000 97.727345414  0.224909494
 8.625280000 97.673364774  0.224738360
 8.631220000 97.674582261  0.224731621
 8.637160000 97.691888897  0.224801630
 8.643100000 97.653843067  0.224782757
 8.649040000 97.709944548  0.224792473
 8.654980000 97.736007488  0.224903138
 8.660920000 97.721709984  0.224854892
 8.666850000 97.714323135  0.224873664
 8.672790000 97.744513395  0.224930904
 8.678730000 97.730944848  0.224973360
 8.684670000 97.751110220  0.225024290
 8.690610000 97.695038532  0.224818927
 8.696550000 97.663329650  0.224677975
 8.702490000 97.670053694  0.224747380
 8.708430000 97.722964965  0.224858973
 8.714370000 97.686847433  0.224762849
 8.720310000 97.685459673  0.224770073
 8.726250000 97.740329249  0.224961769
 8.732190000 97.746684347  0.224942477
 8.738130000 97.722574711  0.224841301
 8.744070000 97.691132413  0.224787292
 8.750010000 97.681809533  0.224760595
 8.755940000 97.698342178  0.224754866
 8.761880000 97.769063905  0.224907724
 8.767820000 97.747571926  0.224968389
 8.773760000 97.698315623  0.224816139
 8.779700000 97.666400016  0.224773434
 8.785640000 97.733330914  0.224939294
 8.791580000 97.740294105  0.224962155
 8.797520000 97.686938614  0.224848316
 8.803460000 97.684473028  0.224773091
 8.809400000 97.646379761  0.224645017
 8.815340000 97.668056178  0.224782559
 8.821280000 97.727011769  0.224949925
 8.827220000 97.695889134  0.224889528
 8.833160000 97.679659140  0.224851329
 8.839090000 97.700961557  0.224842705
 8.845030000 97.647676491  0.224649217
 8.850970000 97.595102662  0.224638891
 8.856910000 97.673095983  0.224801860
 8.862850000 97.633720342  0.224737305
 8.868790000 97.635597663  0.224790397
 8.874730000 97.611391771  0.224714751
 8.880670000 97.618759928  0.224622891
 8.886610000 97.606799639  0.224574521
 8.892550000 97.650911834  0.224634624
 8.898490000 97.667651864  0.224720539
 8.904430000 97.675203874  0.224808870
 8.910370000 97.617971264  0.224824641
 8.916300000 97.731448972  0.224953867
 8.922240000 97.660815333  0.224770588
 8.928180000 97.638854700  0.224663880
 8.934120000 97.629348567  0.224674149
 8.940060000 97.580808034  0.224604286
 8.946000000 97.648958037  0.224711801
 8.951940000 97.653211202  0.224714730
 8.957880000 97.664711529  0.224719910
 8.963820000 97.713636646  0.224788439
 8.969760000 97.642984597  0.224682523
 8.975700000 97.691329298  0.224772275
 8.981640000 97.654613586  0.224734326
 8.987580000 97.704405939  0.224871557
 8.993510000 97.736202602  0.225050739
 8.999450000 97.753854700  0.225056007
 9.005390000 97.756799345  0.224970468
 9.011330000 97.670570737  0.224761520
 9.017270000 97.652096399  0.224684758
 9.023210000 97.682335835  0.224756746
 9.029150000 97.725392744  0.224790456
 9.035090000 97.654676756  0.224784170
 9.041030000 97.702021729  0.224854018
 9.046970000 97.681110576  0.224825784
 9.052910000 97.638535067  0.224687797
 9.058840000 97.720869641  0.224803796
 9.064780000 97.723144982  0.224929114
 9.070720000 97.700906391  0.224827940
 9.076660000 97.611046337  0.224647544
 9.082600000 97.571096800  0.224501495
 9.088540000 97.568698582  0.224410882
 9.094480000 97.543632408  0.224426743
 9.100420000 97.576607519  0.224489523
 9.106360000 97.589951823  0.224575938
 9.112300000 97.614338106  0.224650641
 9.118240000 97.620023925  0.224568570
 9.124170000 97.619294649  0.224665808
 9.130110000 97.686268715  0.224764113
 9.136050000 97.588242058  0.224599282
 9.141990000 97.596060569  0.224593432
 9.147930000 97.670592563  0.224707050
 9.153870000 97.661766781  0.224784998
 9.159810000 97.709556474  0.224752411
 9.165750000 97.699582968  0.224837783
 9.171690000 97.735427270  0.224975484
 9.177630000 97.719119326  0.224865001
 9.183570000 97.666077692  0.224785170
 9.189500000 97.688667488  0.224874691
 9.195440000 97.711248720  0.224983175
 9.201380000 97.685416529  0.224987592
 9.207320000 97.681679953  0.224857602
 9.213260000 97.624866109  0.224653036
 9.219200000 97.574744415  0.224649245
 9.225140000 97.607241652  0.224699945
 9.231080000 97.598928306  0.224693667
 9.237020000 97.613877575  0.224718461
 9.242960000 97.685647442  0.224891848
 9.248890000 97.685706782  0.224883740
 9.254830000 97.689334722  0.224873193
 9.260770000 97.670182895  0.224849998
 9.266710000 97.649681261  0.224700239
 9.272650000 97.658186989  0.224755271
 9.278590000 97.671787433  0.224895978
 9.284530000 97.678690515  0.224884098
 9.290470000 97.645833300  0.224743752
 9.296410000 97.727890519  0.224808321
 9.302350000 97.670638109  0.224848867
 9.308280000 97.684324850  0.224854952
 9.314220000 97.658421957  0.224836768
 9.320160000 97.653980943  0.224861055
 9.326100000 97.744742230  0.225085905
 9.332040000 97.696883476  0.224998031
 9.337980000 97.691255042  0.224986296
 9.343920000 97.658707903  0.224914029
 9.349860000 97.692127563  0.224895311
 9.355800000 97.713711114  0.224985845
 9.361740000 97.688358336  0.224887925
 9.367670000 97.649577645  0.224881554
 9.373610000 97.744246647  0.225078156
 9.379550000 97.711393434  0.224974826
 9.385490000 97.688530186  0.224906432
 9.391430000 97.711672294  0.225026748
 9.397370000 97.729574069  0.225051233
 9.403310000 97.712135773  0.225014442
 9.409250000 97.695123258  0.224866885
 9.415190000 97.631824549  0.224855061
 9.421120000 97.741072143  0.225040825
 9.427060000 97.690914306  0.224960975
 9.433000000 97.698667167  0.225025049
 9.438940000 97.710901864  0.225081022
 9.444880000 97.643022905  0.224917803
 9.450820000 97.629970606  0.224824433
 9.456760000 97.608361420  0.224773751
 9.462700000 97.645507004  0.224912744
 9.468640000 97.672317936  0.224941318
 9.474570000 97.655899138  0.224913290
 9.480510000 97.642641695  0.224882629
 9.486450000 97.682769952  0.224907952
 9.492390000 97.687247310  0.224932946
 9.498330000 97.664312062  0.224870677
 9.504270000 97.701149412  0.225048225
 9.510210000 97.730114002  0.225081019
 9.516150000 97.662236274  0.224895407
 9.522090000 97.672839073  0.224904833
 9.528020000 97.636243021  0.224817563
 9.533960000 97.620887190  0.224798422
 9.539900000 97.615728885  0.224768070
 9.545840000 97.620366535  0.224816893
 9.551780000 97.639365012  0.224880062
 9.557720000 97.612339481  0.224795368
 9.563660000 97.644574693  0.224784942
 9.569600000 97.645611548  0.224864841
 9.575540000 97.644931952  0.224805928
 9.581470000 97.689940444  0.224899759
 9.587410000 97.731197778  0.225049553
 9.593350000 97.720093436  0.225038204
 9.599290000 97.668051294  0.224951010
 9.605230000 97.668802318  0.224878179
 9.611170000 97.641936667  0.224962895
 9.617110000 97.698956539  0.225060448
 9.623050000 97.674210203  0.224955501
 9.628980000 97.619499808  0.224806134
 9.634920000 97.651284133  0.224870860
 9.640860000 97.648836552  0.224810780
 9.646800000 97.648910346  0.224830954
 9.652740000 97.601761409  0.224836649
 9.658680000 97.655679364  0.224897080
 9.664620000 97.641666110  0.224887625
 9.670560000 97.591120369  0.224812994
 9.676490000 97.623008168  0.224888241
 9.682430000 97.640781091  0.224977601
 9.688370000 97.630743472  0.224849530
 9.694310000 97.617578925  0.224856139
 9.700250000 97.681243116  0.225053543
 9.706190000 97.701110498  0.225151822
 9.712130000 97.708319410  0.225126698
 9.718070000 97.702324452  0.225067658
 9.724000000 97.676123932  0.225113866
 9.729940000 97.763284362  0.225247580
 9.735880000 97.663407808  0.225109586
 9.741820000 97.697105382  0.225099941
 9.747760000 97.685670324  0.225102251
 9.753700000 97.636742076  0.224930004
 9.759640000 97.642312072  0.225003408
 9.765580000 97.754564737  0.225189501
 9.771510000 97.665683727  0.225082508
 9.777450000 97.637359234  0.225005779
 9.783390000 97.611528105  0.224954206
 9.789330000 97.602799138  0.224775838
 9.795270000 97.580603943  0.224836924
 9.801210000 97.603181458  0.224850941
 9.807150000 97.609924859  0.224866356
 9.813090000 97.554516478  0.224802145
 9.819020000 97.582633278  0.224898728
 9.824960000 97.654104506  0.225068825
 9.830900000 97.637538974  0.224973672
 9.836840000 97.629618161  0.225096084
 9.842780000 97.678819410  0.225208739
 9.848720000 97.681005032  0.225220840
 9.854660000 97.703572095  0.225239696
 9.860590000 97.621380455  0.224934704
 9.866530000 97.610434051  0.224895567
 9.872470000 97.639866854  0.225004196
 9.878410000 97.623614482  0.224942075
 9.884350000 97.636092686  0.224895036
 9.890290000 97.598553678  0.224866415
 9.896230000 97.636669313  0.224906425
 9.902170000 97.720563988  0.225178316
 9.908100000 97.704502553  0.225172247
 9.914040000 97.704916441  0.225145193
 9.919980000 97.695271253  0.225086411
 9.925920000 97.648497759  0.224955391
 9.931860000 97.672118171  0.225051758
 9.937800000 97.688400703  0.225187486
 9.943740000 97.706957194  0.225170026
 9.949670000 97.659115136  0.225021825
 9.955610000 97.692003294  0.225104806
 9.961550000 97.747743425  0.225246897
 9.967490000 97.713595971  0.225182220
 9.973430000 97.701768226  0.225209698
 9.979370000 97.703245006  0.225215875
 9.985310000 97.699791704  0.225233252
 9.991240000 97.697369386  0.225173244
 9.997180000 97.642502676  0.225044366
