 0.000000022 2668.411214953 -0.000370278
 0.000000079 1148.766355140 -0.000061813
 0.000000274 962.597451147 -0.000013423
 0.000000933 918.374511470 -0.000003763
 0.000003165 880.981648258 -0.000001595
 0.000010722 791.893457944 -0.000001118
 0.000036312 587.071877655 -0.000001334
 0.000122971 335.471707732 -0.000003307
 0.000416430 191.693797791 -0.000001000
 0.001410180 116.280203908 -0.000177698
 0.004775390 106.654885302 -0.000083642
 0.016171200 105.597621071  0.000144998
 0.051743000 106.146644010 -0.000041284
 0.098219700 105.183517417  0.000198109
 0.140987000 102.992523364 -0.000130578
 0.179771000 102.806287171 -0.000089935
 0.219806000 103.669498726 -0.000349778
 0.265282000 104.646219201  0.000668031
 0.312649000 105.525743415  0.000312876
 0.363109000 105.690569244  0.000003172
 0.411229000 104.957179269 -0.001001963
 0.461622000 105.682073067  0.000569343
 0.511263000 105.467799490 -0.000075099
 0.561968000 105.942395922  0.000649690
 0.612810000 105.683262532  0.000185425
 0.663202000 106.009345794 -0.000182534
 0.714285000 105.604587935 -0.000564362
 0.764564000 105.673406967  0.000165294
 0.815254000 105.748173322 -0.000100391
 0.865551000 106.020390824  0.000057290
 0.916586000 105.799660153  0.000042351
 0.967028000 105.607136788 -0.000181139
 1.017890000 105.891758709 -0.000083031
 1.068740000 105.806966865  0.000403071
 1.119680000 105.486661003 -0.000618315
 1.169930000 105.603058624 -0.000447418
 1.220210000 105.821070518 -0.000190551
 1.270530000 105.684961767  0.000248552
 1.321420000 105.765845370 -0.000114680
 1.371730000 105.639252336  0.000034269
 1.421770000 105.458793543 -0.000004582
 1.472340000 105.411894647  0.000445669
 1.522260000 105.888870008 -0.000310165
 1.573040000 105.956839422  0.000125609
 1.624800000 105.712489380 -0.000138488
 1.675670000 105.944095157  0.000082803
 1.725490000 105.053865760 -0.000173902
 1.776220000 105.333220051  0.001341900
 1.826510000 105.614103653  0.000025500
 1.876740000 105.724384027  0.000546172
 1.927570000 105.532880204  0.000436835
 1.978000000 105.465760408 -0.000256073
 2.030080000 106.328292268  0.000253942
 2.082380000 105.432455395  0.000277148
 2.132470000 105.330841121  0.000675879
 2.183210000 105.786236194  0.000108889
 2.233590000 105.875615973  0.000581330
 2.284820000 105.707901444  0.000295680
 2.335540000 105.903823280  0.000017506
 2.386370000 105.682073067  0.000048249
 2.436660000 105.484791844  0.001686852
 2.486710000 105.956839422 -0.000270999
 2.537440000 106.144604928  0.000664025
 2.588930000 105.627527613  0.000140185
 2.639070000 105.923364486 -0.000563947
 2.690710000 105.775191164 -0.000173151
 2.740840000 104.475106202 -0.000280832
 2.792030000 105.976550552 -0.000106112
 2.842820000 105.679864061 -0.000109652
 2.893030000 105.398810535 -0.000857675
 2.943480000 105.099065421  0.000112097
 2.993910000 105.627527613 -0.000247089
 3.043860000 104.884451997 -0.000178230
 3.094540000 105.909770603 -0.000212653
 3.145540000 105.934579439  0.000100314
 3.196310000 105.375870858  0.000152016
 3.246600000 105.722175021 -0.000012288
 3.296660000 105.306542056  0.000589674
 3.347060000 105.782158029 -0.000066463
 3.397990000 105.812914189  0.000029359
 3.448370000 105.662701784 -0.000091513
 3.499420000 105.581478335 -0.000074544
 3.549870000 105.553610875  0.001251493
 3.600750000 105.827697536  0.000360259
 3.651090000 105.658963466  0.000280585
 3.701400000 105.757009346  0.000219304
 3.752120000 105.727952421 -0.001111389
 3.802830000 105.721155480 -0.000110592
 3.853060000 105.804587935  0.000049110
 3.904040000 105.549702634  0.000038797
 3.955170000 106.013423959 -0.000101665
 4.005300000 105.703483432 -0.001128550
 4.055520000 104.937807986 -0.000104176
 4.106380000 105.619711130  0.000016209
 4.157510000 105.697536109  0.000120105
 4.208310000 105.344774851 -0.000052203
 4.258710000 106.184027188  0.000093642
 4.310280000 106.476805438  0.000291513
 4.362800000 106.034154630 -0.000569799
 4.413730000 105.671367884 -0.000153887
 4.464000000 105.391843670  0.000472077
 4.514840000 105.897026338  0.000104966
 4.564430000 104.821240442 -0.000176015
 4.616270000 106.263891249 -0.000299910
 4.668590000 105.763296517 -0.000300443
 4.719580000 105.661342396  0.000263943
 4.770720000 105.621750212 -0.000015964
 4.821230000 105.409005947  0.000224230
 4.871300000 106.133729822  0.000033357
 4.922840000 105.503823280 -0.000010046
 4.973220000 105.732030586  0.000040067
 5.024150000 105.466610025 -0.000615646
 5.074320000 105.901274427  0.000225214
 5.125430000 105.838062872 -0.000006288
 5.175760000 105.744604928  0.000345816
 5.226350000 104.699745115 -0.001683888
 5.276550000 105.497706032 -0.000188877
 5.326830000 105.418181818 -0.000021086
 5.377440000 105.438912489 -0.001000285
 5.427770000 105.667459643 -0.000511442
 5.478070000 105.176720476 -0.000780197
 5.528840000 105.857434155 -0.000263600
 5.578900000 105.292948173  0.000191797
 5.629640000 105.932370433 -0.000110065
 5.680480000 105.683602379  0.000011449
 5.731580000 105.574171623  0.000362866
 5.782480000 105.796601529  0.000135820
 5.832580000 105.320305862 -0.001125427
 5.883500000 105.831775701 -0.000242210
 5.934110000 105.605097706  0.000127046
 5.984390000 105.751062022 -0.000241918
 6.034670000 104.831435854 -0.000068572
 6.085250000 106.496176720 -0.000260773
 6.137730000 105.529991504 -0.000559744
 6.188960000 105.730161427  0.001020334
 6.239430000 105.171792693  0.000868561
 6.290260000 105.794562447  0.000087904
 6.341430000 105.579439252 -0.000616574
 6.391570000 106.110280374 -0.000137985
 6.443270000 105.761767205 -0.000119423
 6.494230000 105.424638912  0.000137292
 6.544610000 105.787765506  0.000225337
 6.595260000 105.618691589 -0.000021069
 6.645650000 105.656414613  0.000105468
 6.695260000 105.792693288 -0.000061943
 6.747670000 106.065590484 -0.000235712
 6.798770000 105.298045879  0.000782981
 6.848960000 105.453525913 -0.001351090
 6.900070000 105.693797791 -0.000440630
 6.950840000 105.688870008 -0.000834488
 7.001030000 105.880203908 -0.000631787
 7.051980000 105.435683942 -0.002150951
 7.102440000 104.833644860 -0.000533686
 7.153430000 105.857604078 -0.000015148
 7.204620000 105.854715378 -0.000064895
 7.255290000 105.545794393 -0.000424808
 7.305660000 105.465080714 -0.000755183
 7.357260000 105.922175021 -0.000127097
 7.409050000 105.519456245 -0.000154512
 7.459970000 105.540526763 -0.000532292
 7.510350000 104.795242141 -0.000020107
 7.560810000 105.792693288 -0.000151864
 7.611410000 105.773661852 -0.000030855
 7.661800000 105.329141886 -0.000021829
 7.712130000 105.671028037 -0.001326425
 7.763620000 105.701614274  0.000279614
 7.814440000 105.430076466 -0.000448803
 7.864050000 105.496346644  0.000524177
 7.915670000 105.832455395  0.000150776
 7.966260000 106.070348343 -0.000855846
 8.017440000 105.557179269 -0.000193645
 8.067440000 105.819881054 -0.000523594
 8.118520000 105.543585387  0.000322100
 8.168880000 105.567374681 -0.000041393
 8.219790000 105.702803738  0.000176932
 8.269920000 105.422599830  0.000893829
 8.320200000 105.501444350  0.000378119
 8.372140000 105.947663551 -0.000230548
 8.422880000 104.938657604  0.000292739
 8.473600000 105.955819881 -0.000459794
 8.524730000 105.628207307  0.000093493
 8.575270000 105.445029737 -0.000796519
 8.625630000 105.003738318 -0.000346568
 8.676790000 105.834664401 -0.001627542
 8.728580000 105.943585387 -0.000561897
 8.779990000 105.390144435 -0.001153580
 8.831000000 105.709260833 -0.000347993
 8.880980000 105.496176720 -0.001621596
 8.931770000 105.611214953 -0.000036011
 8.982560000 105.997111300  0.000144712
 9.034080000 105.824468989 -0.000094965
 9.084340000 105.258963466 -0.000729307
 9.135320000 105.333220051  0.000387625
 9.185560000 105.773491929  0.000169603
 9.237060000 105.580798641 -0.000443617
 9.287210000 105.452506372 -0.000228120
 9.337820000 105.570773152 -0.000248746
 9.388770000 106.059643161 -0.000060263
 9.439440000 104.655904843 -0.000263752
 9.489910000 105.363806287 -0.000097314
 9.540180000 105.517587086  0.000206301
 9.591020000 105.836023789 -0.000329199
 9.641580000 105.293118097 -0.000462518
 9.691840000 105.491588785 -0.000391382
 9.742310000 105.483432455  0.000572167
 9.791870000 104.963296517 -0.000097966
 9.843070000 105.957689040 -0.000028403
 9.893540000 105.426677995 -0.000495129
 9.944410000 105.390314359 -0.001128253
 9.995180000 105.449617672 -0.000021620
