 0.000000005 454323.523152571 132.896020600
 0.000000022 77824.038072454 20.817687233
 0.000000079 35928.689127661  8.619900104
 0.000000274 23426.559849891  5.549824139
 0.000000933 16115.162796980  4.096887636
 0.000003132 11309.666379821  3.130693920
 0.000006483 9132.553364171  2.658783789
 0.000009894 7883.999047116  2.363810517
 0.000013365 7018.536913875  2.152610692
 0.000016896 6451.018989449  2.016281209
 0.000020487 6026.034528726  1.913283285
 0.000024136 5701.292261196  1.834846000
 0.000027846 5435.369171497  1.770897953
 0.000031616 5240.236483789  1.725246171
 0.000035445 5094.147734268  1.692369718
 0.000039336 4968.799367555  1.664227796
 0.000043289 4855.039468022  1.638453624
 0.000047304 4763.797042404  1.618496151
 0.000051380 4678.843927792  1.599684154
 0.000055519 4602.004294837  1.582693489
 0.000059721 4532.377867890  1.567329528
 0.000063989 4467.770865388  1.553008915
 0.000068323 4409.276814296  1.540212166
 0.000072725 4355.828073510  1.528580567
 0.000077197 4303.376153548  1.516952884
 0.000081741 4251.525603636  1.505261270
 0.000086360 4207.917456995  1.495832230
 0.000091056 4168.816034353  1.487591594
 0.000095833 4125.662795157  1.477915613
 0.000100695 4083.233136941  1.468347713
 0.000105645 4044.629798963  1.459791640
 0.000110686 4008.694132116  1.451913965
 0.000115822 3975.393593626  1.444702284
 0.000121059 3938.208353580  1.436254078
 0.000126400 3910.620377909  1.430636171
 0.000131852 3874.487039488  1.422300990
 0.000137422 3844.453186793  1.415756622
 0.000143116 3820.673259411  1.410970502
 0.000148883 3787.032758845  1.403277531
 0.000154697 3759.249931799  1.397166545
 0.000160559 3744.645028740  1.394851577
 0.000166470 3705.699584659  1.385379267
 0.000172433 3678.179805229  1.379123050
 0.000178449 3651.573314699  1.373100157
 0.000184520 3625.546241552  1.367200095
 0.000190651 3599.413205453  1.361224451
 0.000196843 3576.035946512  1.356006018
 0.000203099 3548.448829517  1.349493511
 0.000209423 3530.202708527  1.345626000
 0.000215817 3505.608272569  1.339689810
 0.000222285 3475.454113980  1.331981678
 0.000228830 3452.198995535  1.326446304
 0.000235454 3428.263673349  1.320979148
 0.000242164 3404.020045623  1.315424133
 0.000248962 3379.837292929  1.309868569
 0.000255854 3355.839415688  1.304301318
 0.000262844 3332.556534011  1.298895276
 0.000269938 3309.159108252  1.293429295
 0.000277127 3286.099843338  1.288016183
 0.000284366 3263.697839526  1.282743275
 0.000291653 3241.533822738  1.277517396
 0.000298988 3219.800096946  1.272381024
 0.000306372 3198.652327299  1.267388716
 0.000313807 3177.829529824  1.262469433
 0.000321296 3157.522863448  1.257676023
 0.000328840 3137.823785078  1.253025109
 0.000336443 3118.520461531  1.248464090
 0.000344107 3099.860682764  1.244023112
 0.000351834 3081.767301536  1.239768388
 0.000359629 3064.321415298  1.235672103
 0.000367493 3047.357345015  1.231690311
 0.000375429 3030.876762443  1.227804606
 0.000383441 3014.988526874  1.224046560
 0.000391531 2999.438130710  1.220406782
 0.000399704 2984.515040653  1.216940990
 0.000407962 2970.055511661  1.213591946
 0.000416311 2958.282232630  1.211020461
 0.000424726 2942.784988856  1.207328932
 0.000433194 2932.052165983  1.204954715
 0.000441713 2917.308488344  1.201434797
 0.000450282 2905.569842036  1.198755473
 0.000458902 2898.705990104  1.197546566
 0.000467573 2885.083111249  1.194263084
 0.000476296 2872.353221793  1.191252807
 0.000485072 2861.432101973  1.188760247
 0.000493905 2850.737338507  1.186319701
 0.000502795 2840.440258827  1.183980873
 0.000511745 2830.445525448  1.181733211
 0.000520757 2820.207295893  1.179401957
 0.000529835 2810.567445362  1.177240276
 0.000538980 2800.818048706  1.175001674
 0.000548195 2793.222686605  1.173391905
 0.000557483 2782.239779469  1.170786413
 0.000566846 2776.468314104  1.169737975
 0.000576266 2764.565081016  1.166790968
 0.000585739 2755.028717393  1.164546417
 0.000595265 2748.549196750  1.163253750
 0.000604845 2738.157563478  1.160789306
 0.000614480 2733.177755071  1.159937894
 0.000624167 2722.874441708  1.157438582
 0.000633908 2713.035084014  1.155093140
 0.000643701 2707.944391833  1.154179510
 0.000653548 2696.385630116  1.151280350
 0.000663450 2688.064414592  1.149380332
 0.000673409 2682.623882812  1.148342171
 0.000683427 2670.899702150  1.145387896
 0.000693506 2662.327300720  1.143379176
 0.000703647 2653.486865231  1.141317393
 0.000713837 2645.118497820  1.139366279
 0.000724079 2636.970535851  1.137455600
 0.000734373 2631.447634755  1.136360208
 0.000744720 2622.110378569  1.134091462
 0.000755121 2613.841257019  1.132122669
 0.000765578 2604.705069719  1.129923924
 0.000776090 2596.902880712  1.128107106
 0.000786659 2588.914042708  1.126241842
 0.000797285 2582.862656736  1.124955247
 0.000807966 2573.853895663  1.122744674
 0.000818702 2569.345405661  1.121900512
 0.000829483 2559.690046146  1.119515810
 0.000840309 2552.731852369  1.117908394
 0.000851180 2546.951847019  1.116690857
 0.000862097 2539.098829923  1.114829502
 0.000873062 2534.955688275  1.114054581
 0.000884077 2526.148511618  1.111886530
 0.000895142 2519.834628337  1.110490261
 0.000906260 2513.933593846  1.109193442
 0.000917433 2507.516113521  1.107714159
 0.000928660 2502.483185457  1.106671273
 0.000939945 2495.226259089  1.104971042
 0.000951287 2491.097707574  1.104209478
 0.000962681 2483.437358450  1.102354510
 0.000974117 2477.021437546  1.100896149
 0.000985594 2472.486430933  1.099985851
 0.000997113 2465.298923103  1.098302082
 0.001008680 2461.596922752  1.097627194
 0.001020280 2453.825929533  1.095745316
 0.001031940 2447.892370635  1.094408841
 0.001043640 2443.098834088  1.093414582
 0.001055380 2436.347648401  1.091837546
 0.001067180 2432.440323440  1.091109701
 0.001079030 2424.874394626  1.089294305
 0.001090930 2419.029014318  1.087978668
 0.001102890 2413.415211576  1.086723406
 0.001114900 2407.464090272  1.085371614
 0.001126970 2402.660142563  1.084372851
 0.001139070 2396.157182442  1.082843976
 0.001151220 2391.977814612  1.082042697
 0.001163400 2385.114717981  1.080418987
 0.001175630 2379.282810542  1.079107752
 0.001187900 2374.953917565  1.078233295
 0.001200210 2368.584214698  1.076747567
 0.001212570 2364.921418344  1.076092964
 0.001224980 2358.239459233  1.074513590
 0.001237430 2352.931203152  1.073333206
 0.001249930 2348.557895733  1.072450456
 0.001262480 2342.748886359  1.071128017
 0.001275080 2339.388785978  1.070543316
 0.001287740 2332.967654264  1.069036808
 0.001300450 2328.172673319  1.068009986
 0.001313200 2323.607735914  1.067082120
 0.001325990 2318.704793165  1.066021372
 0.001338830 2314.902704417  1.065275282
 0.001351690 2309.468955107  1.064071101
 0.001364610 2306.203125863  1.063496742
 0.001377560 2300.599296197  1.062215917
 0.001390550 2295.838033560  1.061196656
 0.001403590 2292.359609116  1.060560794
 0.001416670 2287.169880977  1.059412139
 0.001429800 2284.277711303  1.058948063
 0.001442980 2278.928293476  1.057752913
 0.001456210 2274.721681049  1.056884799
 0.001469490 2271.375643742  1.056276027
 0.001482820 2266.611863932  1.055262707
 0.001496200 2263.878011225  1.054837807
 0.001509610 2258.872104676  1.053717635
 0.001523070 2255.018507277  1.052958882
 0.001536560 2251.431010178  1.052279283
 0.001550090 2247.493926811  1.051489420
 0.001563650 2244.548422972  1.050985360
 0.001577260 2240.295753532  1.050094431
 0.001590910 2237.577680820  1.049663215
 0.001604610 2233.277220021  1.048754789
 0.001618350 2229.307193918  1.047962257
 0.001632130 2226.578722394  1.047519580
 0.001645960 2222.160804041  1.046602237
 0.001659840 2219.654265358  1.046216677
 0.001673770 2215.261441111  1.045276148
 0.001687750 2211.695235747  1.044583955
 0.001701760 2208.596607479  1.044046555
 0.001715810 2204.614160540  1.043209289
 0.001729890 2202.208416341  1.042864832
 0.001744020 2197.806255112  1.041920228
 0.001758180 2194.236957685  1.041234929
 0.001772370 2191.092372142  1.040649895
 0.001786610 2187.458011145  1.039921374
 0.001800890 2184.771683557  1.039480581
 0.001815210 2180.980104323  1.038707429
 0.001829580 2178.544456804  1.038362496
 0.001843980 2174.547740335  1.037521180
 0.001858440 2170.999513400  1.036836930
 0.001872940 2168.496530982  1.036444186
 0.001887490 2164.671673487  1.035653484
 0.001902080 2162.393596763  1.035343059
 0.001916710 2158.438343945  1.034504763
 0.001931370 2155.030998565  1.033856032
 0.001946060 2152.551219333  1.033464761
 0.001960790 2148.869771071  1.032734377
 0.001975560 2146.537866515  1.032395387
 0.001990360 2143.033045397  1.031676502
 0.002005210 2140.557021629  1.031294171
 0.002020090 2137.144168382  1.030615144
 0.002035020 2134.704877372  1.030231849
 0.002049980 2131.282665841  1.029573374
 0.002064990 2128.994682734  1.029225286
 0.002080050 2125.664238226  1.028576671
 0.002095150 2123.218300768  1.028199102
 0.002110300 2119.952598746  1.027561644
 0.002125490 2117.328139427  1.027132058
 0.002140710 2114.377412313  1.026589164
 0.002155970 2111.840610348  1.026174264
 0.002171260 2109.771955916  1.025909024
 0.002186580 2106.357490155  1.025207237
 0.002201940 2104.453801612  1.024969986
 0.002217340 2100.873299411  1.024245780
 0.002232770 2098.549231447  1.023903188
 0.002248240 2095.445440333  1.023291574
 0.002263750 2093.088467209  1.022939683
 0.002279300 2090.197118100  1.022404949
 0.002294900 2087.746047346  1.021997892
 0.002310540 2085.109075202  1.021545288
 0.002326220 2082.684638569  1.021149403
 0.002341950 2080.769933900  1.020902167
 0.002357720 2077.618390934  1.020302093
 0.002373520 2075.713202494  1.020059575
 0.002389350 2072.516338283  1.019446117
 0.002405220 2070.475204560  1.019157025
 0.002421120 2067.660589016  1.018650740
 0.002437060 2065.624268957  1.018354464
 0.002453030 2062.880949104  1.017863383
 0.002469040 2060.636881560  1.017521298
 0.002485090 2058.206337472  1.017109986
 0.002501170 2055.855211944  1.016762467
 0.002517300 2054.193609392  1.016553227
 0.002533460 2051.389377274  1.016027232
 0.002549670 2049.653495926  1.015844365
 0.002565910 2046.810258186  1.015316031
 0.002582210 2044.920109570  1.015062584
 0.002598540 2042.248071031  1.014575027
 0.002614910 2040.215999988  1.014313652
 0.002631300 2037.643068890  1.013837400
 0.002647730 2035.614444000  1.013540211
 0.002664200 2033.277467007  1.013167627
 0.002680700 2031.121620691  1.012843983
 0.002697230 2029.501649018  1.012658646
 0.002713800 2026.837004271  1.012178654
 0.002730400 2025.193358648  1.012001021
 0.002747040 2022.557714886  1.011517755
 0.002763720 2020.717756944  1.011302872
 0.002780440 2018.417525832  1.010894037
 0.002797200 2016.609497735  1.010673541
 0.002814000 2014.281750729  1.010282831
 0.002830840 2012.357666190  1.010023955
 0.002847720 2010.170919539  1.009672600
 0.002864640 2008.271765574  1.009399325
 0.002881580 2006.651270292  1.009248801
 0.002898560 2004.209113274  1.008800494
 0.002915570 2002.763193946  1.008675798
 0.002932610 2000.353462205  1.008256996
 0.002949690 1998.685202208  1.008055353
 0.002966800 1996.578778181  1.007701174
 0.002983950 1994.836206820  1.007492744
 0.003001130 1992.637885051  1.007163100
 0.003018350 1990.836312149  1.006901103
 0.003035600 1988.774925797  1.006585501
 0.003052900 1986.854227410  1.006322442
 0.003070230 1985.397328411  1.006163992
 0.003087610 1983.070444564  1.005778788
 0.003105020 1981.732349015  1.005666395
 0.003122470 1979.384218265  1.005281641
 0.003139950 1977.850316610  1.005097072
 0.003157460 1975.700198083  1.004771980
 0.003175000 1974.277532839  1.004607804
 0.003192570 1972.268315473  1.004305758
 0.003210180 1970.596931721  1.004102539
 0.003227820 1968.808058557  1.003840267
 0.003245490 1967.160039909  1.003645209
 0.003263200 1965.820315820  1.003537041
 0.003280940 1963.505047376  1.003165858
 0.003298720 1962.287874925  1.003050994
 0.003316540 1960.096998059  1.002686088
 0.003334390 1958.571931394  1.002531899
 0.003352290 1956.612821416  1.002227479
 0.003370220 1955.206991848  1.002089862
 0.003388190 1953.218411770  1.001794252
 0.003406190 1951.673831524  1.001601029
 0.003424220 1949.880048339  1.001384309
 0.003442280 1948.447574886  1.001199636
 0.003460370 1947.220932771  1.001120124
 0.003478490 1945.134706762  1.000789065
 0.003496650 1943.865725670  1.000711788
 0.003514830 1941.829712873  1.000374422
 0.003533050 1940.460279632  1.000254484
 0.003551310 1938.639679498  0.999993923
 0.003569600 1937.263766095  0.999852234
 0.003587920 1935.450143450  0.999602326
 0.003606280 1934.041330362  0.999454660
 0.003624680 1932.348018763  0.999226465
 0.003643120 1930.911507087  0.999076572
 0.003661590 1929.688196301  0.999008874
 0.003680100 1927.831926308  0.998729780
 0.003698640 1926.710773444  0.998697379
 0.003717210 1924.874064796  0.998412778
 0.003735810 1923.494309315  0.998269191
 0.003754440 1921.840913801  0.998031237
 0.003773100 1920.569180919  0.997928824
 0.003791790 1918.903603754  0.997696547
 0.003810510 1917.537053517  0.997569759
 0.003829270 1915.961144616  0.997372154
 0.003848050 1914.600522222  0.997217523
 0.003866880 1913.459474498  0.997162201
 0.003885730 1911.725651014  0.996901226
 0.003904630 1910.656120191  0.996853140
 0.003923550 1908.873903996  0.996595536
 0.003942520 1907.638728534  0.996519312
 0.003961520 1906.106657847  0.996315690
 0.003980560 1904.943771741  0.996227653
 0.003999620 1903.383348384  0.996048439
 0.004018720 1902.023149845  0.995904163
 0.004037840 1900.583776104  0.995746400
 0.004056990 1899.322703623  0.995631161
 0.004076180 1898.297922996  0.995584025
 0.004095390 1896.672590484  0.995346318
 0.004114640 1895.727582885  0.995321310
 0.004133920 1894.034377868  0.995081205
 0.004153220 1892.857498647  0.995004945
 0.004172570 1891.324991690  0.994809279
 0.004191940 1890.151881717  0.994733235
 0.004211350 1888.634308632  0.994570790
 0.004230790 1887.588774982  0.994493300
 0.004250270 1886.184039164  0.994349316
 0.004269780 1885.072789117  0.994267180
 0.004289340 1884.120932177  0.994219615
 0.004308920 1882.543322945  0.994020858
 0.004328530 1881.577279151  0.994010127
 0.004348170 1879.998659928  0.993776367
 0.004367840 1878.927822620  0.993737209
 0.004387530 1877.622646505  0.993575265
 0.004407260 1876.518927995  0.993500521
 0.004427010 1875.183412669  0.993350824
 0.004446800 1874.067042006  0.993263034
 0.004466620 1872.744462783  0.993140979
 0.004486460 1871.583665462  0.993046659
 0.004506340 1870.708731902  0.993012552
 0.004526260 1869.336141038  0.992871963
 0.004546200 1868.481408796  0.992888716
 0.004566180 1867.096143650  0.992708995
 0.004586200 1866.113813844  0.992670423
 0.004606250 1864.713720902  0.992516045
 0.004626330 1863.713210252  0.992464006
 0.004646450 1862.412631161  0.992322180
 0.004666590 1861.300065559  0.992251485
 0.004686760 1860.139544866  0.992153606
 0.004706960 1859.110049340  0.992081177
 0.004727180 1858.241063792  0.992085370
 0.004747440 1856.807997114  0.991905714
 0.004767720 1855.897164903  0.991905808
 0.004788040 1854.703774268  0.991760083
 0.004808380 1853.723409880  0.991727079
 0.004828750 1852.466474587  0.991598082
 0.004849160 1851.437958432  0.991542814
 0.004869590 1850.300513319  0.991434695
 0.004890060 1849.328813739  0.991376380
 0.004910560 1848.150589004  0.991285259
 0.004931100 1847.187842784  0.991229887
 0.004951670 1846.338588644  0.991234086
 0.004972270 1845.072855561  0.991098336
 0.004992910 1844.193257839  0.991096412
 0.005013570 1842.929630259  0.990948278
 0.005034260 1842.001698738  0.990930302
 0.005054980 1840.894689937  0.990818962
 0.005075720 1839.953399350  0.990784837
 0.005096500 1838.790957512  0.990695702
 0.005117290 1837.778150716  0.990657714
 0.005138120 1836.734543026  0.990565751
 0.005158980 1835.766590172  0.990532172
 0.005179870 1835.001063342  0.990561288
 0.005200780 1833.687978895  0.990406566
 0.005221730 1833.026806060  0.990435810
 0.005242710 1831.735403649  0.990293405
 0.005263720 1830.883891699  0.990277169
 0.005284760 1829.792129358  0.990186826
 0.005305840 1829.051306680  0.990178288
 0.005326950 1827.939969128  0.990098857
 0.005348090 1827.005042805  0.990073435
 0.005369270 1825.931089490  0.989994573
 0.005390470 1825.030055940  0.989977406
 0.005411690 1824.171688980  0.989986861
 0.005432940 1822.963307609  0.989878159
 0.005454220 1822.315547774  0.989920729
 0.005475520 1821.185032102  0.989810986
 0.005496860 1820.347651738  0.989798009
 0.005518220 1819.350436883  0.989710165
 0.005539610 1818.553094819  0.989716651
 0.005561020 1817.504726344  0.989635583
 0.005582470 1816.655167000  0.989623786
 0.005603950 1815.677523006  0.989573869
 0.005625450 1814.737538740  0.989541687
 0.005646990 1814.126120241  0.989576268
 0.005668560 1812.966842800  0.989461999
 0.005690160 1812.297553992  0.989499580
 0.005711790 1811.151617941  0.989397063
 0.005733460 1810.445875359  0.989393922
 0.005755160 1809.429903272  0.989324195
 0.005776890 1808.655587620  0.989326050
 0.005798640 1807.666303358  0.989269387
 0.005820410 1806.852966469  0.989259955
 0.005842210 1805.905296663  0.989217229
 0.005864040 1805.088012731  0.989202333
 0.005885890 1804.495342214  0.989235019
 0.005907770 1803.457319507  0.989155061
 0.005929680 1802.842609814  0.989204082
 0.005951620 1801.779477170  0.989122724
 0.005973580 1801.044191280  0.989139457
 0.005995570 1800.102688797  0.989085722
 0.006017600 1799.358613196  0.989105879
 0.006039650 1798.438914713  0.989031188
 0.006061730 1797.690286311  0.989036543
 0.006083840 1796.794526718  0.989001620
 0.006105990 1795.997677695  0.988999471
 0.006128170 1795.389134452  0.989047817
 0.006150370 1794.319672929  0.988960873
 0.006172610 1793.729183732  0.989011991
 0.006194880 1792.746065177  0.988924772
 0.006217170 1792.057275174  0.988945708
 0.006239480 1791.142937447  0.988902555
 0.006261820 1790.423100379  0.988919299
 0.006284180 1789.540325150  0.988887400
 0.006306570 1788.806726119  0.988895105
 0.006328990 1787.974316358  0.988880721
 0.006351430 1787.315275753  0.988884790
 0.006373900 1786.727830671  0.988934729
 0.006396400 1785.786898197  0.988879611
 0.006418930 1785.228364782  0.988943493
 0.006441480 1784.238671208  0.988877283
 0.006464070 1783.551710296  0.988905031
 0.006486680 1782.648916888  0.988853547
 0.006509320 1782.076959656  0.988892264
 0.006531990 1781.187272166  0.988846463
 0.006554700 1780.475917380  0.988859209
 0.006577430 1779.671627671  0.988848679
 0.006600200 1778.944036355  0.988861606
 0.006623000 1778.390011599  0.988920784
 0.006645810 1777.426571905  0.988860653
 0.006668650 1776.968607672  0.988924495
 0.006691520 1776.005016233  0.988857625
 0.006714410 1775.387764732  0.988897639
 0.006737320 1774.564964327  0.988880558
 0.006760260 1773.944333302  0.988922025
 0.006783230 1773.117890398  0.988906426
 0.006806220 1772.454687955  0.988929654
 0.006829240 1771.735440351  0.988923065
 0.006852290 1771.075490455  0.988947854
 0.006875360 1770.498822959  0.989004282
 0.006898460 1769.624507669  0.988961683
 0.006921600 1769.177962954  0.989030813
 0.006944750 1768.274278457  0.988983668
 0.006967940 1767.641664929  0.989020429
 0.006991160 1766.847181054  0.989001315
 0.007014410 1766.224191245  0.989049896
 0.007037690 1765.492327219  0.989026309
 0.007061000 1764.845846317  0.989057051
 0.007084340 1764.110120396  0.989063424
 0.007107700 1763.412476261  0.989092049
 0.007131080 1762.914749732  0.989170677
 0.007154480 1762.121691109  0.989152149
 0.007177910 1761.420904274  0.989165698
 0.007201360 1760.713102010  0.989167617
 0.007224840 1760.068254331  0.989193599
 0.007248340 1759.404782448  0.989208714
 0.007271870 1758.821265529  0.989239263
 0.007295430 1758.335585000  0.989319670
 0.007319010 1757.633449236  0.989310484
 0.007342620 1756.866571367  0.989312419
 0.007366260 1756.258911842  0.989329274
 0.007389920 1755.552733486  0.989354009
 0.007413610 1755.194804505  0.989443197
 0.007437330 1754.412221729  0.989432031
 0.007461080 1753.771551982  0.989453050
 0.007484860 1753.085491491  0.989463556
 0.007508670 1752.463289998  0.989494486
 0.007532510 1751.845424497  0.989525855
 0.007556370 1751.195457092  0.989550521
 0.007580260 1750.787155636  0.989637668
 0.007604170 1750.069393964  0.989641269
 0.007628110 1749.441265466  0.989660360
 0.007652060 1748.792992111  0.989681838
 0.007676040 1748.205906214  0.989718925
 0.007700050 1747.795276625  0.989807839
 0.007724070 1747.116293692  0.989817461
 0.007748130 1746.484665321  0.989838290
 0.007772210 1745.879076461  0.989868562
 0.007796310 1745.293965017  0.989896867
 0.007820440 1744.698572885  0.989928848
 0.007844600 1744.166814715  0.989964745
 0.007868780 1743.780081573  0.990061765
 0.007892990 1743.074018388  0.990066828
 0.007917230 1742.443502317  0.990092863
 0.007941490 1741.816031219  0.990127734
 0.007965790 1741.221270615  0.990163277
 0.007990110 1740.883148180  0.990259562
 0.008014470 1740.206211541  0.990274776
 0.008038850 1739.538054358  0.990300807
 0.008063260 1738.933052854  0.990338324
 0.008087690 1738.287380567  0.990377341
 0.008112140 1737.797336871  0.990424152
 0.008136610 1737.196396462  0.990465345
 0.008161110 1736.886954773  0.990574166
 0.008185630 1736.199415111  0.990584068
 0.008210170 1735.608809257  0.990612606
 0.008234730 1735.034524502  0.990653144
 0.008259320 1734.492277972  0.990699509
 0.008283940 1734.126079806  0.990797739
 0.008308580 1733.495819621  0.990818388
 0.008333240 1732.899755664  0.990848936
 0.008357930 1732.354117704  0.990897126
 0.008382650 1731.779488009  0.990932366
 0.008407390 1731.243676050  0.990985581
 0.008432160 1730.693471407  0.991027211
 0.008456960 1730.382364112  0.991146458
 0.008481780 1729.648285741  0.991133241
 0.008506640 1729.139782218  0.991190761
 0.008531520 1728.617729435  0.991242358
 0.008556430 1728.108935153  0.991301719
 0.008581370 1727.598753426  0.991349152
 0.008606330 1727.126244322  0.991418769
 0.008631310 1726.517249440  0.991441061
 0.008656310 1726.139760334  0.991535863
 0.008681340 1725.554418578  0.991562815
 0.008706380 1725.064167045  0.991627290
 0.008731450 1724.635712684  0.991700969
 0.008756540 1724.104240838  0.991745520
 0.008781660 1723.644607223  0.991821823
 0.008806800 1723.326458397  0.991921936
 0.008831960 1722.626302528  0.991930478
 0.008857140 1722.136248445  0.991979214
 0.008882360 1721.549819600  0.992021639
 0.008907590 1721.160974456  0.992093554
 0.008932850 1720.608931754  0.992148880
 0.008958140 1720.243023061  0.992221491
 0.008983460 1719.638932581  0.992255478
 0.009008800 1719.246943863  0.992322651
 0.009034170 1718.815372244  0.992397220
 0.009059560 1718.339974528  0.992440536
 0.009084980 1717.970789810  0.992543122
 0.009110430 1717.367684338  0.992551697
 0.009135910 1716.868681347  0.992619180
 0.009161420 1716.460857497  0.992692545
 0.009186940 1715.973697287  0.992772778
 0.009212480 1715.375331117  0.992808796
 0.009238040 1714.973709976  0.992891781
 0.009263630 1714.652049455  0.993014836
 0.009289240 1713.984467555  0.993006819
 0.009314860 1713.543798384  0.993085148
 0.009340520 1713.114397168  0.993148317
 0.009366190 1712.783857962  0.993267433
 0.009391890 1712.125330894  0.993272244
 0.009417610 1711.725700415  0.993358286
 0.009443350 1711.378345189  0.993464879
 0.009469120 1710.755728943  0.993477263
 0.009494920 1710.295795269  0.993545122
 0.009520740 1709.814358032  0.993612125
 0.009546580 1709.457487501  0.993712661
 0.009572450 1708.909003717  0.993741631
 0.009598350 1708.546841205  0.993845084
 0.009624270 1708.213361779  0.993943292
 0.009650220 1707.629145019  0.993978934
 0.009676190 1707.223767162  0.994058547
 0.009702200 1706.722631659  0.994111896
 0.009728230 1706.247459902  0.994170382
 0.009754280 1705.872870273  0.994259785
 0.009780350 1705.392210025  0.994315238
 0.009806450 1704.991577702  0.994400124
 0.009832560 1704.623982693  0.994493171
 0.009858690 1704.145491463  0.994547987
 0.009884850 1703.853663806  0.994663892
 0.009911020 1703.323949341  0.994695687
 0.009937220 1702.899502849  0.994776402
 0.009963440 1702.425833248  0.994836568
 0.009989690 1702.020663278  0.994907513
 0.010016000 1701.596982119  0.994987011
 0.010042200 1701.171499157  0.995055473
 0.010068600 1700.784305621  0.995145072
 0.010094900 1700.358526937  0.995211626
 0.010121300 1700.001258339  0.995310704
 0.010147600 1699.566289305  0.995366692
 0.010174000 1699.144840512  0.995450659
 0.010200500 1698.915492487  0.995567726
 0.010226900 1698.362786647  0.995596827
 0.010253400 1697.945745044  0.995683717
 0.010279900 1697.553203186  0.995755652
 0.010306500 1697.173339944  0.995838231
 0.010333100 1696.922385352  0.995963353
 0.010359600 1696.359228070  0.996004754
 0.010386300 1695.941346144  0.996077737
 0.010412900 1695.583362684  0.996158340
 0.010439500 1695.251990823  0.996257126
 0.010466200 1694.732400043  0.996308333
 0.010492900 1694.356416390  0.996397534
 0.010519600 1693.962584781  0.996469459
 0.010546300 1693.597671139  0.996556827
 0.010573100 1693.256423071  0.996659890
 0.010599900 1692.801208417  0.996726428
 0.010626700 1692.545605689  0.996856748
 0.010653500 1692.070973024  0.996894563
 0.010680300 1691.703778951  0.996985534
 0.010707200 1691.265149033  0.997055583
 0.010734100 1690.843302289  0.997135736
 0.010761000 1690.521912079  0.997221545
 0.010787900 1690.126419959  0.997302452
 0.010814900 1689.815060438  0.997409896
 0.010841900 1689.364514400  0.997483453
 0.010868900 1689.077658796  0.997593347
 0.010895900 1688.668920128  0.997657603
 0.010923000 1688.309060603  0.997744768
 0.010950100 1688.043076920  0.997871824
 0.010977200 1687.523074403  0.997910432
 0.011004300 1687.213413168  0.998003228
 0.011031500 1686.813949882  0.998080805
 0.011058700 1686.449486460  0.998175645
 0.011085900 1686.198442022  0.998303739
 0.011113100 1685.704396245  0.998362956
 0.011140300 1685.299225797  0.998446165
 0.011167600 1684.985332893  0.998530199
 0.011194900 1684.653865465  0.998636185
 0.011222200 1684.332112407  0.998717013
 0.011249500 1683.944693720  0.998792461
 0.011276800 1683.658645922  0.998892100
 0.011304200 1683.404445000  0.999013842
 0.011331600 1682.976538964  0.999070977
 0.011359000 1682.641431045  0.999147386
 0.011386400 1682.305181923  0.999238287
 0.011413800 1681.941832384  0.999328532
 0.011441300 1681.590389368  0.999421051
 0.011468800 1681.302664455  0.999515905
 0.011496300 1680.979230490  0.999614331
 0.011523900 1680.615128233  0.999705958
 0.011551400 1680.273217341  0.999798916
 0.011579000 1679.926330720  0.999900401
 0.011606700 1679.720355876  1.000000783
 0.011634300 1679.322768326  1.000076030
 0.011662000 1679.008760695  1.000173150
 0.011689700 1678.618165162  1.000262696
 0.011717400 1678.375003746  1.000379919
 0.011745100 1677.999973426  1.000449911
 0.011772900 1677.708401060  1.000540027
 0.011800600 1677.441829906  1.000644684
 0.011828400 1677.155334412  1.000757899
 0.011856200 1676.704730960  1.000820246
 0.011884100 1676.358651025  1.000929362
 0.011911900 1676.114444020  1.001027851
 0.011939800 1675.752484497  1.001107533
 0.011967700 1675.449109651  1.001217792
 0.011995600 1675.132320288  1.001313170
 0.012023500 1674.773748716  1.001412020
 0.012051500 1674.461524090  1.001516152
 0.012079400 1674.091629474  1.001604013
 0.012107400 1673.777212203  1.001713328
 0.012135400 1673.426472292  1.001816660
 0.012163500 1673.250284641  1.001944206
 0.012191600 1672.797621062  1.002018201
 0.012219600 1672.540701708  1.002151823
 0.012247800 1672.093316176  1.002222147
 0.012275900 1671.710333864  1.002320127
 0.012304000 1671.407853043  1.002428671
 0.012332200 1671.234325736  1.002561940
 0.012360400 1670.848697572  1.002646009
 0.012388700 1670.451585915  1.002722469
 0.012416900 1670.172387063  1.002842737
 0.012445200 1669.771646178  1.002912382
 0.012473500 1669.493620286  1.003015276
 0.012501800 1669.207509997  1.003119823
 0.012530100 1668.934822156  1.003239949
 0.012558500 1668.600859335  1.003332498
 0.012586900 1668.257967821  1.003431375
 0.012615200 1668.052082048  1.003539602
 0.012643600 1667.700488739  1.003620776
 0.012672100 1667.448586731  1.003744330
 0.012700500 1667.137664403  1.003842479
 0.012729000 1666.852423753  1.003957836
 0.012757500 1666.533845532  1.004055625
 0.012786000 1666.179093168  1.004152939
 0.012814500 1665.965424722  1.004264785
 0.012843100 1665.630568930  1.004352514
 0.012871600 1665.382167704  1.004475829
 0.012900200 1665.057666964  1.004577792
 0.012928800 1664.788809757  1.004690762
 0.012957500 1664.536114583  1.004790837
 0.012986100 1664.345473622  1.004923703
 0.013014800 1663.922931969  1.005000864
 0.013043500 1663.729905709  1.005134248
 0.013072300 1663.337911286  1.005202812
 0.013101000 1663.067436091  1.005307213
 0.013129800 1662.801198863  1.005421877
 0.013158600 1662.606751160  1.005564476
 0.013187400 1662.254696370  1.005650439
 0.013216300 1661.931009273  1.005735562
 0.013245100 1661.722900054  1.005862351
 0.013274000 1661.335772489  1.005943562
 0.013302900 1661.067943210  1.006050520
 0.013331800 1660.781937937  1.006167630
 0.013360700 1660.637316805  1.006296845
 0.013389700 1660.306992478  1.006394658
 0.013418700 1660.024619910  1.006497592
 0.013447600 1659.737909142  1.006612670
 0.013476700 1659.441651920  1.006707116
 0.013505700 1659.230537516  1.006823367
 0.013534700 1658.950648782  1.006933040
 0.013563800 1658.696871582  1.007052820
 0.013592900 1658.422689779  1.007161575
 0.013622000 1658.155548138  1.007262366
 0.013651100 1657.912300850  1.007381491
 0.013680300 1657.605294649  1.007483328
 0.013709400 1657.368693496  1.007598120
 0.013738600 1657.061459062  1.007708724
 0.013767900 1656.882007619  1.007826620
 0.013797100 1656.596801693  1.007936043
 0.013826400 1656.426462314  1.008074173
 0.013855600 1656.008330109  1.008150670
 0.013884900 1655.892513618  1.008294813
 0.013914300 1655.615699848  1.008398925
 0.013943600 1655.313442116  1.008491149
 0.013973000 1655.058409462  1.008608733
 0.014002400 1654.863887674  1.008720197
 0.014031800 1654.672861242  1.008819584
 0.014061300 1654.471720080  1.008934425
 0.014090700 1654.173633520  1.009029609
 0.014120200 1653.981609087  1.009149477
 0.014149600 1653.707283010  1.009261616
 0.014179100 1653.503747415  1.009373331
 0.014208700 1653.290021838  1.009513274
 0.014238200 1652.992257102  1.009617873
 0.014267800 1652.858466436  1.009757287
 0.014297300 1652.718584309  1.009877476
 0.014326900 1652.368692436  1.009962265
 0.014356500 1652.045572743  1.010056661
 0.014386200 1651.793474456  1.010187065
 0.014415800 1651.565239654  1.010307999
 0.014445500 1651.301099736  1.010419969
 0.014475200 1651.104211085  1.010545880
 0.014504900 1650.857043893  1.010663352
 0.014534600 1650.610086072  1.010761875
 0.014564400 1650.397002475  1.010892103
 0.014594200 1650.227216137  1.011007478
 0.014624000 1649.957368611  1.011114155
 0.014653800 1649.723157735  1.011229340
 0.014683600 1649.533541619  1.011361602
 0.014713500 1649.246838633  1.011467900
 0.014743400 1648.994910441  1.011580628
 0.014773300 1648.837241087  1.011719653
 0.014803200 1648.495105210  1.011822611
 0.014833200 1648.265949788  1.011952856
 0.014863200 1647.970377203  1.012049863
 0.014893100 1647.795485485  1.012181277
 0.014923100 1647.562259504  1.012308431
 0.014953200 1647.313806140  1.012422894
 0.014983200 1647.045006412  1.012535721
 0.015013300 1646.869386132  1.012678217
 0.015043300 1646.566365938  1.012785636
 0.015073400 1646.313587894  1.012896397
 0.015103500 1646.078025205  1.013012731
 0.015133600 1645.884927088  1.013134580
 0.015163800 1645.664251161  1.013267681
 0.015194000 1645.424997166  1.013363686
 0.015224100 1645.266056990  1.013501528
 0.015254300 1645.024959973  1.013624991
 0.015284600 1644.821386158  1.013748958
 0.015314800 1644.532685652  1.013859639
 0.015345100 1644.416938001  1.014009372
 0.015375300 1644.159589728  1.014110895
 0.015405600 1643.847606297  1.014216867
 0.015436000 1643.628435626  1.014343402
 0.015466300 1643.344768757  1.014459176
 0.015496700 1643.228799352  1.014605469
 0.015527000 1642.913498458  1.014694223
 0.015557400 1642.770743682  1.014842525
 0.015587900 1642.564316790  1.014970298
 0.015618300 1642.392137157  1.015096847
 0.015648800 1642.094212004  1.015199148
 0.015679300 1641.888940924  1.015319394
 0.015709800 1641.640085290  1.015438182
 0.015740300 1641.448815999  1.015559721
 0.015770900 1641.200034942  1.015677032
 0.015801500 1641.018552475  1.015805352
 0.015832000 1640.844188391  1.015944903
 0.015862600 1640.593309545  1.016042147
 0.015893200 1640.380918286  1.016180347
 0.015923900 1640.315173553  1.016326549
 0.015954500 1639.974476581  1.016426564
 0.015985200 1639.828925430  1.016554323
 0.016015900 1639.534264168  1.016666757
 0.016046600 1639.423304392  1.016800410
 0.016077300 1639.178263250  1.016923872
 0.016108000 1639.043491910  1.017042697
 0.016138800 1638.756102672  1.017161910
 0.016169500 1638.752425406  1.017317933
 0.016200300 1638.397917549  1.017406965
 0.016231100 1638.270479556  1.017554061
 0.016262000 1637.981539701  1.017660226
 0.016292800 1637.814842410  1.017797785
 0.016323700 1637.614865785  1.017927164
 0.016354600 1637.419321065  1.018060225
 0.016385500 1637.174537572  1.018172304
 0.016416400 1637.051877612  1.018316651
 0.016447400 1636.792993828  1.018432013
 0.016478300 1636.583831535  1.018550293
 0.016509300 1636.386037597  1.018672667
 0.016540300 1636.228297095  1.018800693
 0.016571400 1636.049187378  1.018934488
 0.016602400 1635.865947874  1.019050983
 0.016633500 1635.680973793  1.019177510
 0.016664600 1635.561670997  1.019316541
 0.016695700 1635.318064918  1.019432935
 0.016726900 1635.210848420  1.019554104
 0.016758000 1634.974354623  1.019663680
 0.016789100 1634.848163658  1.019809864
 0.016820300 1634.579470051  1.019937717
 0.016851500 1634.394904407  1.020049103
 0.016882700 1634.195751269  1.020183334
 0.016913900 1634.155240401  1.020345164
 0.016945200 1633.853876711  1.020450348
 0.016976400 1633.691368020  1.020585302
 0.017007700 1633.420799104  1.020694226
 0.017039000 1633.270548208  1.020832577
 0.017070300 1633.134305284  1.020976078
 0.017101600 1632.916897749  1.021097463
 0.017133000 1632.778319667  1.021226021
 0.017164300 1632.581726227  1.021354269
 0.017195700 1632.443404493  1.021485528
 0.017227100 1632.286706429  1.021614026
 0.017258500 1632.095542583  1.021744379
 0.017290000 1631.880930103  1.021868206
 0.017321400 1631.762202626  1.022020048
 0.017352900 1631.487631793  1.022130507
 0.017384400 1631.360932749  1.022264597
 0.017415900 1631.107355984  1.022380260
 0.017447500 1630.945511731  1.022509844
 0.017479000 1630.842264553  1.022654530
 0.017510600 1630.629184551  1.022778923
 0.017542200 1630.414530619  1.022910931
 0.017573900 1630.181832781  1.023028282
 0.017605500 1630.015603006  1.023172942
 0.017637200 1629.930903111  1.023312729
 0.017668800 1629.717220700  1.023429498
 0.017700500 1629.545704797  1.023567651
 0.017732200 1629.305400004  1.023683746
 0.017763900 1629.136606145  1.023818857
 0.017795700 1628.991237061  1.023969752
 0.017827400 1628.809974220  1.024082393
 0.017859200 1628.592309019  1.024218000
 0.017891000 1628.353657599  1.024345781
 0.017922800 1628.179522063  1.024492684
 0.017954600 1627.998426582  1.024638524
 0.017986400 1627.814082874  1.024757153
 0.018018300 1627.616013578  1.024892190
 0.018050100 1627.521611876  1.025048303
 0.018082000 1627.367636466  1.025173812
 0.018113900 1627.169696258  1.025292768
 0.018145800 1626.950649514  1.025416020
 0.018177800 1626.773129722  1.025555913
 0.018209700 1626.671355070  1.025706770
 0.018241700 1626.490128702  1.025827830
 0.018273700 1626.325726285  1.025962112
 0.018305700 1626.105711994  1.026082022
 0.018337700 1625.946537137  1.026217651
 0.018369800 1625.864109594  1.026361170
 0.018401900 1625.635444458  1.026483957
 0.018434000 1625.506446747  1.026626196
 0.018466100 1625.359720063  1.026776310
 0.018498200 1625.105959615  1.026884313
 0.018530400 1624.897863325  1.027027385
 0.018562500 1624.795822860  1.027158616
 0.018594700 1624.652694305  1.027292455
 0.018626900 1624.607132996  1.027451972
 0.018659200 1624.337144642  1.027564230
 0.018691400 1624.178444358  1.027700483
 0.018723700 1624.017387861  1.027821359
 0.018755900 1623.887885420  1.027970730
 0.018788200 1623.787706580  1.028130097
 0.018820500 1623.537720193  1.028232588
 0.018852800 1623.427423340  1.028376828
 0.018885100 1623.242323204  1.028505030
 0.018917500 1623.057046311  1.028641802
 0.018949800 1622.969401316  1.028777764
 0.018982200 1622.774894286  1.028905672
 0.019014600 1622.617083246  1.029040263
 0.019047000 1622.446653180  1.029186024
 0.019079400 1622.373502189  1.029333976
 0.019111900 1622.251954348  1.029479726
 0.019144300 1621.996221409  1.029591478
 0.019176800 1621.783141868  1.029723957
 0.019209300 1621.687771349  1.029867624
 0.019241800 1621.570161745  1.029993452
 0.019274400 1621.451481079  1.030142790
 0.019306900 1621.390226554  1.030290709
 0.019339500 1621.199775392  1.030411422
 0.019372100 1621.150629424  1.030544859
 0.019404700 1621.000835771  1.030672368
 0.019437300 1620.842373038  1.030807300
 0.019469900 1620.635189914  1.030928099
 0.019502600 1620.517520639  1.031081328
 0.019535300 1620.344567117  1.031211180
 0.019568000 1620.286920218  1.031354072
 0.019600700 1620.171896529  1.031496578
 0.019633400 1620.007739907  1.031628844
 0.019666200 1619.869812102  1.031773502
 0.019699000 1619.692097381  1.031897646
 0.019731800 1619.608529556  1.032036808
 0.019764600 1619.404996403  1.032166249
 0.019797400 1619.274754467  1.032317220
 0.019830200 1619.118924559  1.032466809
 0.019863100 1618.899008688  1.032596334
 0.019895900 1618.714962072  1.032743970
 0.019928800 1618.588153050  1.032896770
 0.019961700 1618.409991622  1.033021798
 0.019994600 1618.260626111  1.033157200
 0.020027500 1618.144331469  1.033303717
 0.020060500 1617.998894632  1.033419300
 0.020093400 1617.954456325  1.033563195
 0.020126400 1617.846067493  1.033716466
 0.020159400 1617.652863124  1.033845995
 0.020192400 1617.470343066  1.033979950
 0.020225400 1617.276726648  1.034115782
 0.020258400 1617.115577191  1.034268226
 0.020291500 1616.951093700  1.034401519
 0.020324500 1616.756227089  1.034540352
 0.020357600 1616.702342778  1.034709377
 0.020390700 1616.420772131  1.034834667
 0.020423900 1616.328580025  1.034974786
 0.020457000 1616.144607145  1.035108091
 0.020490200 1616.080303328  1.035255313
 0.020523300 1615.880623085  1.035378141
 0.020556500 1615.812454815  1.035522440
 0.020589700 1615.663426380  1.035651088
 0.020623000 1615.551857947  1.035802124
 0.020656200 1615.383726268  1.035952963
 0.020689500 1615.309037589  1.036086639
 0.020722800 1615.056466032  1.036219846
 0.020756100 1614.937482422  1.036367112
 0.020789400 1614.762894308  1.036509649
 0.020822800 1614.693855081  1.036642550
 0.020856100 1614.545594270  1.036778228
 0.020889500 1614.547045055  1.036938194
 0.020922900 1614.315331996  1.037052358
 0.020956300 1614.264369305  1.037204210
 0.020989700 1614.077622904  1.037340756
 0.021023100 1613.953521630  1.037482156
 0.021056600 1613.728597200  1.037614950
 0.021090000 1613.700049279  1.037767932
 0.021123500 1613.609290440  1.037912656
 0.021157000 1613.485206429  1.038041850
 0.021190500 1613.274005165  1.038190206
 0.021224000 1613.181232497  1.038326992
 0.021257500 1613.018188373  1.038465428
 0.021291100 1612.906924599  1.038603542
 0.021324600 1612.767857354  1.038756695
 0.021358200 1612.644958885  1.038891867
 0.021391800 1612.526186461  1.039040696
 0.021425400 1612.512215712  1.039196427
 0.021459000 1612.320557606  1.039335308
 0.021492700 1612.167901181  1.039471922
 0.021526300 1612.014671827  1.039604455
 0.021560000 1611.923748631  1.039759787
 0.021593700 1611.708559612  1.039888208
 0.021627400 1611.645443333  1.040030697
 0.021661100 1611.616413040  1.040194673
 0.021694900 1611.397128433  1.040320639
 0.021728600 1611.308867690  1.040468626
 0.021762400 1611.178801373  1.040596729
 0.021796200 1611.101886329  1.040743502
 0.021830000 1610.843694883  1.040866836
 0.021863900 1610.817154111  1.041021488
 0.021897700 1610.629337225  1.041152253
 0.021931600 1610.621825532  1.041302792
 0.021965500 1610.437374650  1.041447951
 0.021999400 1610.373227507  1.041593827
 0.022033300 1610.197501519  1.041737898
 0.022067300 1610.102655318  1.041864799
 0.022101200 1609.935738647  1.042010486
 0.022135200 1609.871317844  1.042156869
 0.022169200 1609.742174276  1.042312292
 0.022203200 1609.714452909  1.042467555
 0.022237200 1609.524756114  1.042583245
 0.022271200 1609.479906038  1.042737727
 0.022305200 1609.367988477  1.042886409
 0.022339200 1609.292897807  1.043028693
 0.022373300 1609.109918295  1.043151050
 0.022407400 1609.042833720  1.043304188
 0.022441500 1608.969442343  1.043451318
 0.022475600 1608.855457778  1.043604417
 0.022509700 1608.712326404  1.043750785
 0.022543800 1608.615414486  1.043888369
 0.022578000 1608.520744779  1.044034601
 0.022612100 1608.389346090  1.044179764
 0.022646300 1608.241535399  1.044322432
 0.022680500 1608.101502633  1.044455857
 0.022714700 1607.980427617  1.044605390
 0.022749000 1608.020716946  1.044773804
 0.022783200 1607.786309561  1.044900551
 0.022817500 1607.671770932  1.045042238
 0.022851700 1607.510927484  1.045176672
 0.022886000 1607.485484190  1.045331438
 0.022920400 1607.335990514  1.045464071
 0.022954700 1607.235200739  1.045612223
 0.022989000 1607.066897166  1.045739876
 0.023023400 1606.986433294  1.045892122
 0.023057800 1606.967734209  1.046059239
 0.023092200 1606.844206621  1.046196740
 0.023126600 1606.660319514  1.046327662
 0.023161000 1606.551273135  1.046473186
 0.023195500 1606.493270217  1.046626842
 0.023230000 1606.344251542  1.046756350
 0.023264500 1606.223445685  1.046909712
 0.023299000 1606.218380926  1.047079833
 0.023333500 1605.982160196  1.047203522
 0.023368000 1605.951622949  1.047351196
 0.023402500 1605.800535408  1.047490635
 0.023437100 1605.712086927  1.047646224
 0.023471700 1605.535311262  1.047774987
 0.023506200 1605.531054721  1.047933943
 0.023540800 1605.412849782  1.048077854
 0.023575400 1605.285131846  1.048221118
 0.023610100 1605.222634168  1.048385909
 0.023644700 1605.114404599  1.048530017
 0.023679300 1604.936927577  1.048662319
 0.023714000 1604.840387740  1.048809011
 0.023748700 1604.806717736  1.048963781
 0.023783400 1604.648441373  1.049099037
 0.023818100 1604.553106815  1.049251551
 0.023852800 1604.505574434  1.049415888
 0.023887500 1604.312026296  1.049548741
 0.023922300 1604.217109080  1.049694472
 0.023957000 1604.155320507  1.049835109
 0.023991800 1604.039921490  1.049984785
 0.024026600 1603.880765281  1.050114958
 0.024061400 1603.790438623  1.050272664
 0.024096300 1603.661013530  1.050416542
 0.024131100 1603.541345711  1.050557499
 0.024166000 1603.497414954  1.050716754
 0.024200800 1603.398219638  1.050860992
 0.024235700 1603.241683195  1.050994732
 0.024270600 1603.124201048  1.051140306
 0.024305600 1603.043967273  1.051295780
 0.024340500 1602.906021083  1.051435505
 0.024375500 1602.802789933  1.051588229
 0.024410500 1602.814723110  1.051749507
 0.024445500 1602.635436702  1.051880518
 0.024480500 1602.537773023  1.052029979
 0.024515500 1602.411917896  1.052172140
 0.024550600 1602.316659730  1.052326176
 0.024585600 1602.145995872  1.052456551
 0.024620700 1602.153167407  1.052618708
 0.024655800 1602.035000210  1.052762631
 0.024690900 1601.919054202  1.052909092
 0.024726000 1601.858694907  1.053075754
 0.024761100 1601.747383283  1.053220065
 0.024796200 1601.564834320  1.053356207
 0.024831400 1601.478061998  1.053506085
 0.024866600 1601.421383307  1.053661369
 0.024901700 1601.292511668  1.053799094
 0.024936900 1601.182008840  1.053955482
 0.024972100 1601.202854289  1.054117977
 0.025007300 1601.019387821  1.054252345
 0.025042600 1600.927301687  1.054398011
 0.025077800 1600.878257289  1.054541814
 0.025113100 1600.778931697  1.054696348
 0.025148300 1600.626392291  1.054828123
 0.025183600 1600.575546422  1.054991684
 0.025218900 1600.435930783  1.055137712
 0.025254200 1600.317589847  1.055278637
 0.025289600 1600.301443436  1.055440573
 0.025324900 1600.202591971  1.055584806
 0.025360300 1600.041088504  1.055716955
 0.025395700 1599.930480743  1.055864101
 0.025431100 1599.846243105  1.056023305
 0.025466500 1599.719411791  1.056160890
 0.025501900 1599.606795808  1.056315736
 0.025537300 1599.635810092  1.056476442
 0.025572800 1599.467205356  1.056610699
 0.025608200 1599.370567841  1.056760146
 0.025643700 1599.252043569  1.056903855
 0.025679200 1599.162214898  1.057059514
 0.025714700 1599.003532636  1.057193095
 0.025750300 1599.011842952  1.057355218
 0.025785800 1598.888273219  1.057497526
 0.025821400 1598.789666296  1.057645313
 0.025857000 1598.688851889  1.057813540
 0.025892600 1598.573654839  1.057957815
 0.025928200 1598.410932885  1.058098596
 0.025963800 1598.337450030  1.058249501
 0.025999500 1598.288212552  1.058409901
 0.026035100 1598.161167810  1.058546672
 0.026070800 1598.058400928  1.058705265
 0.026106500 1598.026010056  1.058866684
 0.026142200 1597.868012877  1.059013751
 0.026177900 1597.792910500  1.059157370
 0.026213600 1597.732857017  1.059305059
 0.026249300 1597.649571840  1.059455390
 0.026285100 1597.501705616  1.059596006
 0.026320800 1597.432625037  1.059755081
 0.026356600 1597.293530502  1.059894945
 0.026392400 1597.212622429  1.060054448
 0.026428200 1597.183272439  1.060210617
 0.026464000 1597.067799471  1.060358987
 0.026499800 1596.947511996  1.060501687
 0.026535600 1596.841614698  1.060649598
 0.026571500 1596.770133238  1.060794567
 0.026607300 1596.670624953  1.060946262
 0.026643200 1596.565753324  1.061091748
 0.026679100 1596.515035489  1.061263273
 0.026715000 1596.401684265  1.061387911
 0.026750900 1596.334841956  1.061551028
 0.026786900 1596.183413531  1.061687420
 0.026822800 1596.115627879  1.061848382
 0.026858800 1596.031931197  1.061981400
 0.026894800 1595.953334735  1.062146199
 0.026930700 1595.799529486  1.062277704
 0.026966800 1595.756867276  1.062444567
 0.027002800 1595.710791871  1.062594774
 0.027038800 1595.611931915  1.062747251
 0.027074900 1595.497609138  1.062892805
 0.027110900 1595.395380078  1.063039135
 0.027147000 1595.345556861  1.063194326
 0.027183100 1595.234060400  1.063337029
 0.027219200 1595.128559091  1.063493787
 0.027255400 1595.123751553  1.063656274
 0.027291500 1594.979845447  1.063793093
 0.027327700 1594.926444646  1.063947911
 0.027363800 1594.777271754  1.064093652
 0.027400000 1594.754030653  1.064245970
 0.027436200 1594.622947736  1.064391495
 0.027472500 1594.580710418  1.064547508
 0.027508700 1594.429919853  1.064700798
 0.027544900 1594.423334948  1.064848723
 0.027581200 1594.347990224  1.065014066
 0.027617500 1594.239442360  1.065154276
 0.027653800 1594.123843996  1.065313372
 0.027690000 1594.072845805  1.065446952
 0.027726300 1593.983773777  1.065608674
 0.027762700 1593.897042297  1.065750318
 0.027799000 1593.782821551  1.065914324
 0.027835300 1593.792175079  1.066066101
 0.027871700 1593.627647070  1.066210145
 0.027908100 1593.556966937  1.066357068
 0.027944400 1593.417967360  1.066507189
 0.027980800 1593.402482699  1.066653578
 0.028017200 1593.245532757  1.066798227
 0.028053700 1593.196811354  1.066960066
 0.028090100 1593.110470520  1.067102041
 0.028126500 1593.058898825  1.067260833
 0.028163000 1592.971330206  1.067418666
 0.028199500 1592.873783315  1.067568002
 0.028236000 1592.793241566  1.067711495
 0.028272500 1592.732724245  1.067867078
 0.028309000 1592.610408532  1.068013349
 0.028345500 1592.547046261  1.068174401
 0.028382000 1592.497853944  1.068318428
 0.028418600 1592.409059072  1.068473325
 0.028455200 1592.308750268  1.068624084
 0.028491700 1592.207413882  1.068773787
 0.028528300 1592.189525753  1.068931400
 0.028564900 1592.092508688  1.069079126
 0.028601600 1591.931460766  1.069212590
 0.028638200 1591.877514326  1.069376616
 0.028674900 1591.810633300  1.069514553
 0.028711500 1591.766326589  1.069683763
 0.028748200 1591.606672987  1.069818875
 0.028784900 1591.582592488  1.069990971
 0.028821600 1591.503111035  1.070125624
 0.028858400 1591.457683548  1.070295035
 0.028895100 1591.321147458  1.070434485
 0.028931900 1591.285869558  1.070594826
 0.028968600 1591.216923937  1.070743071
 0.029005400 1591.121283550  1.070899884
 0.029042200 1591.040877190  1.071046310
 0.029079100 1591.011417601  1.071208444
 0.029115900 1590.895475797  1.071349123
 0.029152700 1590.858004608  1.071520269
 0.029189600 1590.729982540  1.071655677
 0.029226400 1590.644797026  1.071805226
 0.029263300 1590.590453409  1.071954621
 0.029300200 1590.478271652  1.072103224
 0.029337100 1590.403218742  1.072260193
 0.029374000 1590.270126630  1.072405760
 0.029410900 1590.257964789  1.072557534
 0.029447900 1590.160062537  1.072709173
 0.029484800 1590.082705716  1.072866257
 0.029521800 1589.973849335  1.073018103
 0.029558700 1589.945921795  1.073167039
 0.029595700 1589.868714525  1.073323096
 0.029632700 1589.781431273  1.073479088
 0.029669700 1589.660386183  1.073625578
 0.029706700 1589.651594782  1.073781250
 0.029743800 1589.539415795  1.073925838
 0.029780800 1589.508047790  1.074094524
 0.029817900 1589.352376534  1.074234896
 0.029854900 1589.295317946  1.074378017
 0.029892000 1589.242313051  1.074538363
 0.029929100 1589.129594889  1.074682789
 0.029966200 1589.066350313  1.074845215
 0.030003400 1589.006504998  1.074988521
 0.030040500 1588.924061413  1.075144352
 0.030077600 1588.823682318  1.075294127
 0.030114800 1588.759193072  1.075454360
 0.030152000 1588.719842518  1.075604327
 0.030189200 1588.655238957  1.075759224
 0.030226400 1588.591284912  1.075920688
 0.030263600 1588.474823620  1.076069565
 0.030300800 1588.434722987  1.076222093
 0.030338100 1588.360492112  1.076371007
 0.030375300 1588.273399913  1.076526787
 0.030412600 1588.206569030  1.076684286
 0.030449900 1588.148434401  1.076832494
 0.030487200 1588.020893304  1.076970509
 0.030524500 1587.976686595  1.077139535
 0.030561900 1587.845333727  1.077277375
 0.030599200 1587.850275583  1.077445239
 0.030636600 1587.741155599  1.077582387
 0.030674000 1587.698407005  1.077751581
 0.030711300 1587.554798650  1.077891434
 0.030748800 1587.553163886  1.078057921
 0.030786200 1587.456039843  1.078198119
 0.030823600 1587.401070899  1.078362482
 0.030861000 1587.286108036  1.078506560
 0.030898500 1587.258553714  1.078661391
 0.030935900 1587.164773927  1.078812174
 0.030973400 1587.135499389  1.078974042
 0.031010900 1586.973780714  1.079114213
 0.031048400 1586.986163699  1.079283872
 0.031085900 1586.869269517  1.079419232
 0.031123400 1586.790908428  1.079572106
 0.031160900 1586.678008546  1.079721351
 0.031198500 1586.616102295  1.079875287
 0.031236000 1586.562811983  1.080028478
 0.031273600 1586.486062319  1.080181299
 0.031311100 1586.377233309  1.080332243
 0.031348700 1586.323064636  1.080487581
 0.031386300 1586.288473253  1.080642130
 0.031423900 1586.225212337  1.080797910
 0.031461500 1586.087698047  1.080946333
 0.031499200 1586.067369779  1.081105787
 0.031536800 1586.001774861  1.081258085
 0.031574500 1585.952970800  1.081411225
 0.031612200 1585.835211481  1.081566462
 0.031649800 1585.767744108  1.081716647
 0.031687500 1585.759104945  1.081881469
 0.031725200 1585.664510228  1.082025315
 0.031763000 1585.527154048  1.082170625
 0.031800700 1585.504629787  1.082333546
 0.031838400 1585.418425973  1.082477650
 0.031876200 1585.385026117  1.082641070
 0.031914000 1585.236068072  1.082788696
 0.031951800 1585.195510623  1.082948317
 0.031989600 1585.086487230  1.083094919
 0.032027400 1585.051853488  1.083256149
 0.032065200 1584.979192916  1.083408960
 0.032103000 1584.917818289  1.083567125
 0.032140900 1584.854354416  1.083723487
 0.032178800 1584.780986008  1.083874533
 0.032216600 1584.710374121  1.084024154
 0.032254500 1584.632663686  1.084180382
 0.032292500 1584.569189656  1.084333956
 0.032330400 1584.532930456  1.084494005
 0.032368300 1584.425131403  1.084640062
 0.032406300 1584.308106483  1.084777632
 0.032444300 1584.263275469  1.084943259
 0.032482200 1584.186935034  1.085084794
 0.032520200 1584.144015948  1.085252224
 0.032558200 1584.032451868  1.085389445
 0.032596200 1583.985671364  1.085557059
 0.032634300 1583.901212664  1.085698685
 0.032672300 1583.854939414  1.085862702
 0.032710300 1583.746923602  1.086003393
 0.032748400 1583.705329965  1.086172558
 0.032786500 1583.668622590  1.086323422
 0.032824500 1583.566133770  1.086476689
 0.032862600 1583.498446983  1.086623168
 0.032900700 1583.455242052  1.086787191
 0.032938800 1583.372154457  1.086934101
 0.032976900 1583.311045708  1.087100539
 0.033015100 1583.210981049  1.087235413
 0.033053200 1583.128338200  1.087386472
 0.033091400 1583.110330529  1.087545388
 0.033129500 1582.975845185  1.087694608
 0.033167700 1582.982251305  1.087854663
 0.033205900 1582.829449236  1.088002586
 0.033244100 1582.850417491  1.088162173
 0.033282300 1582.709633541  1.088313206
 0.033320500 1582.723711845  1.088471269
 0.033358800 1582.606652151  1.088623288
 0.033397000 1582.584704757  1.088777385
 0.033435300 1582.475372946  1.088936104
 0.033473500 1582.462183820  1.089088267
 0.033511800 1582.355142828  1.089241459
 0.033550100 1582.342196199  1.089398889
 0.033588400 1582.207898643  1.089549505
 0.033626700 1582.234133090  1.089714789
 0.033665100 1582.082579798  1.089858640
 0.033703400 1582.047662304  1.090006237
 0.033741800 1581.956981192  1.090167746
 0.033780100 1581.921906727  1.090315242
 0.033818500 1581.832000198  1.090476822
 0.033856900 1581.798807141  1.090626273
 0.033895300 1581.695848711  1.090782667
 0.033933700 1581.667563370  1.090933692
 0.033972200 1581.565872513  1.091090036
 0.034010600 1581.545141314  1.091244764
 0.034049100 1581.435369144  1.091397355
 0.034087600 1581.428863928  1.091557031
 0.034126100 1581.306018900  1.091704482
 0.034164600 1581.280094108  1.091859908
 0.034203100 1581.181715947  1.092013172
 0.034241600 1581.136273306  1.092164210
 0.034280200 1581.067738300  1.092325429
 0.034318700 1581.025960419  1.092478366
 0.034357300 1580.882862153  1.092616765
 0.034395900 1580.880710902  1.092782723
 0.034434500 1580.741887999  1.092920955
 0.034473100 1580.755908445  1.093091906
 0.034511700 1580.616810563  1.093230055
 0.034550300 1580.612409105  1.093398018
 0.034588900 1580.486764883  1.093537457
 0.034627600 1580.484368447  1.093705484
 0.034666200 1580.367541670  1.093848201
 0.034704900 1580.344334668  1.094014881
 0.034743500 1580.258514872  1.094162045
 0.034782200 1580.217283257  1.094320500
 0.034820900 1580.122643147  1.094467920
 0.034859600 1580.102780878  1.094632922
 0.034898300 1579.992554332  1.094775309
 0.034937000 1580.004442365  1.094950121
 0.034975800 1579.867633257  1.095084456
 0.035014500 1579.836035714  1.095240971
 0.035053300 1579.748707233  1.095389665
 0.035092000 1579.693552579  1.095545245
 0.035130800 1579.638050708  1.095701952
 0.035169600 1579.556401062  1.095852932
 0.035208400 1579.499105272  1.096007818
 0.035247200 1579.405085395  1.096159225
 0.035286000 1579.420030205  1.096324509
 0.035324800 1579.305633839  1.096476360
 0.035363700 1579.280763093  1.096630440
 0.035402500 1579.208782955  1.096791594
 0.035441400 1579.171407712  1.096942794
 0.035480300 1579.094555984  1.097100350
 0.035519200 1579.052980731  1.097256935
 0.035558100 1578.964798325  1.097404250
 0.035597000 1578.942295120  1.097567606
 0.035635900 1578.846286906  1.097718526
 0.035674900 1578.753645339  1.097860706
 0.035713800 1578.716910232  1.098022379
 0.035752800 1578.630559406  1.098168206
 0.035791800 1578.587308587  1.098333394
 0.035830700 1578.508054462  1.098475291
 0.035869800 1578.447733057  1.098633932
 0.035908800 1578.395677160  1.098786046
 0.035947800 1578.329427168  1.098942646
 0.035986900 1578.252424010  1.099092071
 0.036025900 1578.195935745  1.099249929
 0.036065000 1578.166112881  1.099410830
 0.036104100 1578.072885625  1.099556797
 0.036143200 1578.011834816  1.099713667
 0.036182300 1577.970956533  1.099868693
 0.036221400 1577.892453116  1.100022756
 0.036260600 1577.841392631  1.100179720
 0.036299700 1577.772531630  1.100331631
 0.036338900 1577.679949372  1.100473828
 0.036378000 1577.644975834  1.100637313
 0.036417200 1577.518029561  1.100775185
 0.036456400 1577.502131022  1.100945228
 0.036495600 1577.410971693  1.101085441
 0.036534800 1577.376071990  1.101252589
 0.036574000 1577.281518709  1.101391092
 0.036613200 1577.242741281  1.101563615
 0.036652400 1577.196747907  1.101707794
 0.036691700 1577.119776918  1.101870937
 0.036730900 1577.077145623  1.102022066
 0.036770200 1577.020449718  1.102181040
 0.036809400 1576.965076986  1.102330663
 0.036848700 1576.892127651  1.102492116
 0.036888000 1576.835216059  1.102636353
 0.036927300 1576.805354266  1.102808970
 0.036966600 1576.734307130  1.102948179
 0.037005900 1576.628471153  1.103100071
 0.037045300 1576.582811408  1.103252811
 0.037084600 1576.504679724  1.103405540
 0.037123900 1576.503607367  1.103565715
 0.037163300 1576.388369773  1.103719671
 0.037202700 1576.356580287  1.103872058
 0.037242100 1576.287066768  1.104026130
 0.037281500 1576.266766365  1.104187092
 0.037320900 1576.181652939  1.104343464
 0.037360300 1576.124680571  1.104495126
 0.037399700 1576.069009825  1.104652104
 0.037439100 1576.034714592  1.104804814
 0.037478600 1575.951806805  1.104960935
 0.037518100 1575.908138529  1.105117751
 0.037557500 1575.823102269  1.105264828
 0.037597000 1575.792074504  1.105424672
 0.037636500 1575.700767388  1.105577426
 0.037676000 1575.627710728  1.105720907
 0.037715500 1575.572293477  1.105881281
 0.037755100 1575.511356769  1.106027849
 0.037794600 1575.461029729  1.106191672
 0.037834200 1575.368557532  1.106335991
 0.037873800 1575.327442606  1.106493838
 0.037913400 1575.268452007  1.106642380
 0.037953000 1575.200283228  1.106804620
 0.037992600 1575.137413914  1.106953716
 0.038032200 1575.078272099  1.107109764
 0.038071900 1575.046611571  1.107268777
 0.038111500 1574.957241347  1.107416540
 0.038151200 1574.914738498  1.107574722
 0.038190900 1574.850554899  1.107726853
 0.038230600 1574.791456845  1.107880129
 0.038270300 1574.744655945  1.108038847
 0.038310000 1574.649907785  1.108188109
 0.038349700 1574.578498463  1.108331386
 0.038389400 1574.530031478  1.108495283
 0.038429100 1574.424113173  1.108634245
 0.038468900 1574.409310892  1.108804294
 0.038508600 1574.333712902  1.108944017
 0.038548400 1574.287022228  1.109111497
 0.038588200 1574.195626271  1.109251693
 0.038627900 1574.168678383  1.109422075
 0.038667700 1574.105883663  1.109566856
 0.038707500 1574.039794270  1.109729556
 0.038747300 1573.993996301  1.109877221
 0.038787200 1573.943498472  1.110037834
 0.038827000 1573.893029283  1.110189137
 0.038866800 1573.821777031  1.110350508
 0.038906700 1573.754833119  1.110491425
 0.038946500 1573.725514672  1.110664097
 0.038986400 1573.659398039  1.110804994
 0.039026200 1573.555237578  1.110956798
 0.039066100 1573.505221808  1.111107808
 0.039106000 1573.443457787  1.111260073
 0.039145900 1573.420327127  1.111419278
 0.039185800 1573.323131491  1.111572575
 0.039225800 1573.276778650  1.111725322
 0.039265700 1573.206987200  1.111879526
 0.039305600 1573.201996556  1.112040083
 0.039345600 1573.108810258  1.112192971
 0.039385600 1573.058523564  1.112346150
 0.039425500 1573.002290344  1.112503281
 0.039465500 1572.966552051  1.112656202
 0.039505500 1572.880920620  1.112810491
 0.039545500 1572.840209779  1.112967013
 0.039585500 1572.753467482  1.113114330
 0.039625600 1572.748243657  1.113277066
 0.039665600 1572.637910546  1.113428525
 0.039705700 1572.583909396  1.113571168
 0.039745700 1572.526963426  1.113731781
 0.039785800 1572.464696884  1.113878594
 0.039825900 1572.416602442  1.114042174
 0.039866000 1572.327785557  1.114186140
 0.039906100 1572.284562043  1.114344267
 0.039946300 1572.230363591  1.114494616
 0.039986400 1572.174752748  1.114654504
 0.040026600 1572.115023578  1.114803307
 0.040066800 1572.054277560  1.114959572
 0.040106900 1572.027436137  1.115120400
 0.040147200 1571.939557500  1.115267966
 0.040187400 1571.889927067  1.115422625
 0.040227600 1571.829310566  1.115576572
 0.040267800 1571.770831344  1.115729926
 0.040308100 1571.718820790  1.115886980
 0.040348300 1571.653510315  1.116038774
 0.040388600 1571.559875544  1.116181032
 0.040428900 1571.534838100  1.116345987
 0.040469100 1571.427512646  1.116485010
 0.040509400 1571.409600956  1.116653327
 0.040549700 1571.323092367  1.116795198
 0.040590000 1571.298848417  1.116961889
 0.040630300 1571.201679509  1.117102395
 0.040670600 1571.176868997  1.117272666
 0.040711000 1571.113993401  1.117417423
 0.040751300 1571.049274024  1.117580104
 0.040791700 1571.007955481  1.117729483
 0.040832000 1570.959535719  1.117889966
 0.040872400 1570.925406014  1.118040690
 0.040912700 1570.849949316  1.118200430
 0.040953100 1570.771295704  1.118343631
 0.040993500 1570.754836522  1.118513988
 0.041033900 1570.683752254  1.118653239
 0.041074300 1570.586106152  1.118806615
 0.041114700 1570.545509394  1.118955674
 0.041155200 1570.470057214  1.119108240
 0.041195600 1570.442318946  1.119265800
 0.041236000 1570.346025464  1.119419045
 0.041276500 1570.314038314  1.119571534
 0.041317000 1570.241624444  1.119723829
 0.041357400 1570.232359261  1.119882734
 0.041397900 1570.138921990  1.120035762
 0.041438400 1570.087132927  1.120189134
 0.041478900 1570.033127524  1.120346074
 0.041519400 1569.978553809  1.120492241
 0.041559900 1569.881018707  1.120643561
 0.041600500 1569.855976827  1.120801500
 0.041641000 1569.750124065  1.120953333
 0.041681600 1569.686040865  1.121107208
 0.041722100 1569.570440243  1.121269891
 0.041762700 1569.524492658  1.121429936
 0.041803300 1569.417843152  1.121578800
 0.041843900 1569.378553689  1.121737461
 0.041884500 1569.266650671  1.121886951
 0.041925200 1569.199746430  1.122028522
 0.041965800 1569.149403346  1.122187146
 0.042006400 1569.132059784  1.122344922
 0.042047100 1569.038158526  1.122496364
 0.042087800 1568.980802420  1.122649251
 0.042128500 1568.924364725  1.122805410
 0.042169200 1568.911933644  1.122967546
 0.042209900 1568.816507361  1.123113874
 0.042250600 1568.718891316  1.123259012
 0.042291400 1568.679661822  1.123409229
 0.042332100 1568.569634293  1.123563939
 0.042372900 1568.556368182  1.123729199
 0.042413700 1568.392685557  1.123873870
 0.042454500 1568.411715699  1.124038340
 0.042495200 1568.260242970  1.124183608
 0.042536100 1568.319745802  1.124350427
 0.042576900 1568.179258629  1.124496837
 0.042617700 1568.245026397  1.124661244
 0.042658500 1568.059392659  1.124793090
 0.042699300 1568.048184533  1.124947933
 0.042740200 1567.949496981  1.125105657
 0.042781000 1567.945116561  1.125259381
 0.042821900 1567.800908420  1.125413140
 0.042862800 1567.847427103  1.125575061
 0.042903600 1567.726974051  1.125728261
 0.042944500 1567.742915691  1.125881954
 0.042985400 1567.636004695  1.126038077
 0.043026300 1567.624884946  1.126179880
 0.043067200 1567.498955308  1.126329676
 0.043108100 1567.511787506  1.126487313
 0.043149000 1567.408008821  1.126642926
 0.043190000 1567.394080085  1.126799045
 0.043230900 1567.254046215  1.126947518
 0.043271900 1567.289009729  1.127111608
 0.043312800 1567.207788835  1.127270536
 0.043353800 1567.172107559  1.127415227
 0.043394800 1567.041969846  1.127557393
 0.043435700 1567.037687715  1.127708415
 0.043476700 1566.923207719  1.127861419
 0.043517700 1566.960728853  1.128026917
 0.043558700 1566.809301104  1.128169521
 0.043599800 1566.830985011  1.128333927
 0.043640800 1566.688094535  1.128480689
 0.043681800 1566.737189453  1.128644237
 0.043722900 1566.597654180  1.128790717
 0.043763900 1566.659548131  1.128953270
 0.043805000 1566.479586517  1.129086811
 0.043846100 1566.473505469  1.129237938
 0.043887200 1566.364710722  1.129392374
 0.043928300 1566.356007237  1.129544431
 0.043969400 1566.206391168  1.129696573
 0.044010500 1566.253978539  1.129858439
 0.044051600 1566.127940241  1.130010024
 0.044092800 1566.127432864  1.130158908
 0.044133900 1566.038791401  1.130314064
 0.044175100 1566.009078399  1.130458611
 0.044216300 1565.885577506  1.130606509
 0.044257500 1565.893779920  1.130762441
 0.044298700 1565.785098302  1.130916428
 0.044339900 1565.770809539  1.131072547
 0.044381100 1565.632005499  1.131220958
 0.044422400 1565.682518960  1.131384502
 0.044463600 1565.586365121  1.131543893
 0.044504900 1565.569328063  1.131686070
 0.044546200 1565.430671547  1.131832330
 0.044587500 1565.438323524  1.131982850
 0.044628800 1565.335415961  1.132138991
 0.044670100 1565.357961658  1.132299317
 0.044711400 1565.221396730  1.132447112
 0.044752800 1565.217364185  1.132608759
 0.044794100 1565.090147666  1.132755011
 0.044835500 1565.145756333  1.132920078
 0.044876800 1565.009764975  1.133066331
 0.044918200 1565.059526938  1.133231364
 0.044959600 1564.894420955  1.133364257
 0.045000900 1564.893763400  1.133516952
 0.045042300 1564.796583000  1.133674430
 0.045083700 1564.792354769  1.133828307
 0.045125100 1564.649677177  1.133981987
 0.045166500 1564.696373177  1.134143908
 0.045207900 1564.577423716  1.134297022
 0.045249400 1564.583209635  1.134447412
 0.045290800 1564.478027462  1.134603409
 0.045332200 1564.471784908  1.134746937
 0.045373700 1564.341037994  1.134895080
 0.045415100 1564.386762227  1.135062279
 0.045456600 1564.262448943  1.135203937
 0.045498100 1564.287823068  1.135365858
 0.045539500 1564.190730353  1.135506921
 0.045581000 1564.254599712  1.135653678
 0.045622500 1564.166618500  1.135806408
 0.045664000 1564.212074859  1.135958533
 0.045705500 1564.094025853  1.136106240
 0.045747000 1564.107703270  1.136257864
 0.045788600 1563.976742599  1.136409423
 0.045830100 1563.993347887  1.136571401
 0.045871600 1563.840373299  1.136716434
 0.045913200 1563.875313696  1.136884642
 0.045954800 1563.717099759  1.137026342
 0.045996300 1563.728603393  1.137175817
 0.046037900 1563.647601434  1.137333204
 0.046079500 1563.660313727  1.137484539
 0.046121100 1563.599754739  1.137632666
 0.046162700 1563.594083562  1.137784398
 0.046204300 1563.573884844  1.137935858
 0.046246000 1563.486585037  1.138087078
 0.046287600 1563.448326635  1.138243316
 0.046329300 1563.278331520  1.138380531
 0.046370900 1563.319490273  1.138544117
 0.046412600 1563.211399620  1.138696674
 0.046454300 1563.208816270  1.138852971
 0.046496000 1563.088708356  1.138994921
 0.046537700 1563.052883415  1.139143050
 0.046579400 1562.996388637  1.139301281
 0.046621100 1562.952420171  1.139454848
 0.046662900 1562.911208721  1.139609400
 0.046704600 1562.820073960  1.139758403
 0.046746400 1562.787211020  1.139908059
 0.046788200 1562.703319296  1.140062708
 0.046830000 1562.674520089  1.140217221
 0.046871800 1562.570150025  1.140357662
 0.046913600 1562.568776324  1.140520640
 0.046955400 1562.476727702  1.140671029
 0.046997300 1562.463876278  1.140831165
 0.047039100 1562.386118587  1.140978972
 0.047081000 1562.344946857  1.141125663
 0.047122800 1562.271596026  1.141280624
 0.047164700 1562.248761104  1.141438900
 0.047206600 1562.217392867  1.141594787
 0.047248500 1562.098201007  1.141743116
 0.047290400 1562.043157006  1.141886197
 0.047332300 1561.990391706  1.142043508
 0.047374200 1561.983765729  1.142204380
 0.047416100 1561.908225532  1.142360079
 0.047458000 1561.879288102  1.142509516
 0.047500000 1561.769726901  1.142648032
 0.047541900 1561.778888784  1.142814639
 0.047583900 1561.680681560  1.142963082
 0.047625800 1561.631580673  1.143111848
 0.047667800 1561.571647804  1.143266374
 0.047709700 1561.537131525  1.143416179
 0.047751700 1561.482819303  1.143572599
 0.047793700 1561.407011052  1.143726932
 0.047835700 1561.344161113  1.143868270
 0.047877700 1561.289989373  1.144026177
 0.047919700 1561.276639269  1.144184986
 0.047961700 1561.194153292  1.144335663
 0.048003700 1561.142886750  1.144483943
 0.048045700 1561.060084126  1.144627082
 0.048087800 1561.021390806  1.144786189
 0.048129800 1560.964897496  1.144936977
 0.048171900 1560.926738569  1.145096297
 0.048213900 1560.853996379  1.145236712
 0.048256000 1560.772719506  1.145382663
 0.048298100 1560.750956421  1.145541635
 0.048340100 1560.657980929  1.145691320
 0.048382200 1560.627259224  1.145842152
 0.048424300 1560.513833572  1.145995257
 0.048466400 1560.540636857  1.146150536
 0.048508600 1560.396482171  1.146296224
 0.048550700 1560.413301644  1.146451036
 0.048592800 1560.265500237  1.146589315
 0.048635000 1560.306652988  1.146752846
 0.048677100 1560.182912814  1.146902386
 0.048719300 1560.200257003  1.147059872
 0.048761500 1560.057245285  1.147202582
 0.048803700 1560.034775040  1.147348490
 0.048845900 1559.962065003  1.147505462
 0.048888100 1559.930294841  1.147658605
 0.048930300 1559.873366910  1.147813708
 0.048972500 1559.813242213  1.147961750
 0.049014700 1559.723160113  1.148102660
 0.049057000 1559.689820308  1.148260957
 0.049099300 1559.634620903  1.148414488
 0.049141500 1559.563306406  1.148555705
 0.049183800 1559.535533727  1.148717807
 0.049226100 1559.452943723  1.148860742
 0.049268400 1559.414477466  1.149019970
 0.049310700 1559.363243588  1.149166867
 0.049353100 1559.282624509  1.149313015
 0.049395400 1559.245461045  1.149468670
 0.049437800 1559.189057433  1.149624518
 0.049480200 1559.178574455  1.149777918
 0.049522500 1559.044116581  1.149926719
 0.049564900 1559.031161262  1.150073917
 0.049607300 1558.922553512  1.150225892
 0.049649700 1558.957414813  1.150385239
 0.049692200 1558.851697966  1.150536739
 0.049734600 1558.850986609  1.150687061
 0.049777000 1558.694027944  1.150827155
 0.049819400 1558.739747609  1.150992533
 0.049861900 1558.617227735  1.151136440
 0.049904300 1558.585224738  1.151284693
 0.049946800 1558.504621884  1.151439843
 0.049989200 1558.488078692  1.151589075
 0.050031700 1558.421049254  1.151742337
 0.050074100 1558.357928128  1.151896232
 0.050116600 1558.269115332  1.152036771
 0.050159100 1558.240808605  1.152191592
 0.050201600 1558.202346322  1.152349750
 0.050244100 1558.142099231  1.152499790
 0.050286600 1558.081704616  1.152651983
 0.050329100 1558.004613722  1.152791313
 0.050371600 1557.966790815  1.152950412
 0.050414100 1557.905286736  1.153099541
 0.050456700 1557.878703936  1.153256644
 0.050499200 1557.790181173  1.153397645
 0.050541800 1557.703593423  1.153542009
 0.050584300 1557.702590978  1.153698403
 0.050626900 1557.574768917  1.153850954
 0.050669400 1557.569860237  1.153999326
 0.050712000 1557.452951314  1.154150426
 0.050754600 1557.486340881  1.154307459
 0.050797200 1557.351636948  1.154451152
 0.050839800 1557.372984373  1.154607693
 0.050882400 1557.215784431  1.154742627
 0.050925000 1557.257936388  1.154906135
 0.050967600 1557.134276480  1.155055646
 0.051010200 1557.144955341  1.155211515
 0.051052900 1557.020303697  1.155353660
 0.051095500 1556.993756362  1.155499688
 0.051138200 1556.920327920  1.155653019
 0.051180900 1556.870566452  1.155808443
 0.051223500 1556.827054966  1.155961558
 0.051266200 1556.767921642  1.156109361
 0.051308900 1556.678662650  1.156250356
 0.051351600 1556.650315740  1.156404950
 0.051394300 1556.595058246  1.156558571
 0.051437100 1556.502790046  1.156698613
 0.051479800 1556.469958682  1.156859097
 0.051522500 1556.409787619  1.157003055
 0.051565300 1556.365005889  1.157160717
 0.051608100 1556.309997074  1.157305951
 0.051650800 1556.215978467  1.157448951
 0.051693600 1556.193372571  1.157602315
 0.051736400 1556.104498652  1.157757349
 0.051779200 1556.094642767  1.157907295
 0.051822100 1555.955738428  1.158054445
 0.051864900 1555.954525159  1.158199370
 0.051907700 1555.840402866  1.158349803
 0.051950600 1555.868939130  1.158507688
 0.051993500 1555.754043590  1.158655802
 0.052036300 1555.742811703  1.158802873
 0.052079200 1555.608025179  1.158944025
 0.052122100 1555.631449303  1.159108362
 0.052165100 1555.510240136  1.159252232
 0.052208000 1555.497766299  1.159401610
 0.052250900 1555.414978367  1.159555035
 0.052293900 1555.391166976  1.159704451
 0.052336800 1555.331857424  1.159857557
 0.052379700 1555.285478943  1.160010886
 0.052422700 1555.197621608  1.160151336
 0.052465700 1555.163885996  1.160304588
 0.052508600 1555.114683952  1.160459590
 0.052551600 1555.054887327  1.160609551
 0.052594600 1555.006509133  1.160759497
 0.052637500 1554.913111104  1.160899416
 0.052680500 1554.875143230  1.161058525
 0.052723500 1554.825038570  1.161205492
 0.052766500 1554.781014637  1.161363166
 0.052809500 1554.705626118  1.161501934
 0.052852500 1554.614246617  1.161646419
 0.052895600 1554.613197690  1.161801085
 0.052938600 1554.481294583  1.161951988
 0.052981600 1554.493272906  1.162099731
 0.053024700 1554.365430729  1.162247670
 0.053067700 1554.387328739  1.162401590
 0.053110800 1554.243254929  1.162547302
 0.053153800 1554.255676464  1.162700479
 0.053196900 1554.113683837  1.162834978
 0.053239900 1554.155524292  1.162998500
 0.053283000 1554.022225051  1.163144755
 0.053326100 1554.033430474  1.163300621
 0.053369200 1553.909632457  1.163442700
 0.053412300 1553.877645454  1.163587156
 0.053455400 1553.804571647  1.163740485
 0.053498500 1553.766171856  1.163893735
 0.053541600 1553.723497822  1.164046779
 0.053584800 1553.658769079  1.164193017
 0.053627900 1553.570122917  1.164334035
 0.053671100 1553.536722105  1.164486958
 0.053714200 1553.478456425  1.164638769
 0.053757400 1553.406094806  1.164780048
 0.053800600 1553.369042821  1.164938895
 0.053843700 1553.303157720  1.165081253
 0.053886900 1553.253978051  1.165237279
 0.053930100 1553.199044111  1.165382482
 0.053973300 1553.105595199  1.165525491
 0.054016500 1553.083155837  1.165678852
 0.054059800 1553.000273409  1.165830108
 0.054103000 1552.996464020  1.165981593
 0.054146300 1552.852485432  1.166127173
 0.054189500 1552.867242057  1.166271622
 0.054232800 1552.743280936  1.166418740
 0.054276100 1552.768261495  1.166574867
 0.054319300 1552.636205193  1.166723635
 0.054362600 1552.641963362  1.166870161
 0.054405900 1552.496516732  1.167008073
 0.054449300 1552.531340275  1.167170247
 0.054492600 1552.405136514  1.167312464
 0.054535900 1552.382142758  1.167458644
 0.054579300 1552.296583877  1.167610331
 0.054622600 1552.260195456  1.167756631
 0.054666000 1552.196363954  1.167908064
 0.054709400 1552.144706947  1.168059816
 0.054752800 1552.052027555  1.168198664
 0.054796200 1552.013136207  1.168350267
 0.054839600 1551.960770226  1.168503467
 0.054883000 1551.915810716  1.168653043
 0.054926500 1551.851974234  1.168803564
 0.054969900 1551.774722197  1.168942899
 0.055013400 1551.748626386  1.169099827
 0.055056800 1551.682187023  1.169247320
 0.055100300 1551.649772176  1.169402841
 0.055143800 1551.575441562  1.169541550
 0.055187200 1551.478283932  1.169684469
 0.055230700 1551.477916707  1.169839071
 0.055274200 1551.346481463  1.169990007
 0.055317700 1551.347639148  1.170134569
 0.055361200 1551.225891993  1.170284062
 0.055404700 1551.249180366  1.170437862
 0.055448200 1551.115373195  1.170581502
 0.055491700 1551.128053534  1.170734756
 0.055535200 1550.965128771  1.170868087
 0.055578700 1551.018685538  1.171029434
 0.055622300 1550.879935235  1.171174059
 0.055665800 1550.907980354  1.171329388
 0.055709400 1550.778957119  1.171469852
 0.055752900 1550.752866864  1.171615910
 0.055796500 1550.673494797  1.171763984
 0.055840000 1550.626056070  1.171917638
 0.055883600 1550.572808199  1.172067468
 0.055927200 1550.503299923  1.172212063
 0.055970700 1550.410915346  1.172351321
 0.056014300 1550.371248196  1.172502746
 0.056057900 1550.313037653  1.172654681
 0.056101500 1550.230680846  1.172792598
 0.056145100 1550.211043036  1.172950866
 0.056188700 1550.139245012  1.173091618
 0.056232300 1550.091096899  1.173247631
 0.056276000 1550.025368670  1.173389607
 0.056319600 1549.932763213  1.173532601
 0.056363200 1549.910076654  1.173684067
 0.056406900 1549.817318662  1.173833977
 0.056450500 1549.829537866  1.173984951
 0.056494200 1549.686644141  1.174130481
 0.056537900 1549.680522547  1.174273778
 0.056581600 1549.556535077  1.174420941
 0.056625300 1549.581457548  1.174577158
 0.056669000 1549.477117971  1.174723124
 0.056712700 1549.462471175  1.174868532
 0.056756400 1549.316541118  1.175006460
 0.056800100 1549.341612711  1.175165399
 0.056843800 1549.215242416  1.175307620
 0.056887600 1549.209822756  1.175453108
 0.056931300 1549.123888893  1.175604897
 0.056975100 1549.087909025  1.175751212
 0.057018800 1549.018707337  1.175901040
 0.057062600 1548.978604279  1.176050514
 0.057106400 1548.881419723  1.176187748
 0.057150200 1548.836959915  1.176337795
 0.057194000 1548.784160252  1.176491132
 0.057237800 1548.729194770  1.176637343
 0.057281600 1548.678024670  1.176785598
 0.057325500 1548.595080161  1.176923339
 0.057369300 1548.552768480  1.177078955
 0.057413200 1548.494844360  1.177222514
 0.057457000 1548.481749219  1.177377275
 0.057500900 1548.401271495  1.177514576
 0.057544800 1548.328207020  1.177655002
 0.057588700 1548.330807106  1.177807814
 0.057632600 1548.236150706  1.177957585
 0.057676500 1548.170567032  1.178100461
 0.057720500 1548.096287862  1.178244648
 0.057764400 1548.081280808  1.178394768
 0.057808400 1547.976343457  1.178541092
 0.057852300 1547.957698355  1.178696872
 0.057896300 1547.811432014  1.178827898
 0.057940300 1547.845877045  1.178984658
 0.057984200 1547.743582476  1.179129951
 0.058028200 1547.715150832  1.179283235
 0.058072200 1547.605641801  1.179424925
 0.058116200 1547.579638160  1.179563940
 0.058160200 1547.519343961  1.179715038
 0.058204200 1547.468405277  1.179867111
 0.058248200 1547.396950034  1.180017229
 0.058292200 1547.338620725  1.180159650
 0.058336200 1547.275665275  1.180303526
 0.058380300 1547.222815701  1.180450101
 0.058424300 1547.141838095  1.180600640
 0.058468300 1547.055470121  1.180738804
 0.058512400 1547.046518896  1.180895072
 0.058556400 1546.972950349  1.181034169
 0.058600500 1546.911197904  1.181190293
 0.058644500 1546.827204741  1.181329381
 0.058688600 1546.770427448  1.181471248
 0.058732700 1546.752544859  1.181620830
 0.058776700 1546.655371928  1.181770920
 0.058820800 1546.608598052  1.181918294
 0.058864900 1546.528929372  1.182060120
 0.058909000 1546.474280618  1.182199678
 0.058953100 1546.384440404  1.182345801
 0.058997200 1546.366098972  1.182501350
 0.059041300 1546.268694526  1.182647141
 0.059085400 1546.244929962  1.182791216
 0.059129500 1546.120053743  1.182924940
 0.059173700 1546.107785964  1.183083001
 0.059217800 1546.003282310  1.183226348
 0.059262000 1545.983370739  1.183367130
 0.059306100 1545.903572724  1.183515077
 0.059350300 1545.846096202  1.183662090
 0.059394400 1545.776817809  1.183811788
 0.059438600 1545.748576343  1.183957684
 0.059482800 1545.674580001  1.184099332
 0.059527000 1545.616803586  1.184244542
 0.059571200 1545.552025757  1.184399708
 0.059615400 1545.482749029  1.184542927
 0.059659600 1545.452520760  1.184687052
 0.059703800 1545.356514145  1.184825334
 0.059748100 1545.311030481  1.184980804
 0.059792300 1545.232602218  1.185121609
 0.059836500 1545.219310632  1.185276580
 0.059880800 1545.144347666  1.185413547
 0.059925100 1545.034497734  1.185555028
 0.059969300 1545.023013325  1.185706362
 0.060013600 1544.961197349  1.185853577
 0.060057900 1544.908722180  1.185994320
 0.060102200 1544.812800169  1.186139108
 0.060146500 1544.790170974  1.186292787
 0.060190800 1544.659996031  1.186434513
 0.060235100 1544.674967584  1.186584167
