 0.000000005 497278.006166295 138.117143024
 0.000000022 86223.733128136 22.101333109
 0.000000079 39728.434602558  9.258919857
 0.000000274 25974.067999420  6.001585490
 0.000000933 18019.179348465  4.445629559
 0.000003108 12780.889533491  3.407740042
 0.000006296 10339.050942297  2.883742074
 0.000009542 8955.490594649  2.566632222
 0.000012843 8049.776893090  2.356624330
 0.000016201 7394.693883427  2.202812734
 0.000019615 6881.858249166  2.081285921
 0.000023084 6519.809425319  1.997527455
 0.000026609 6250.887073171  1.936146919
 0.000030190 6033.543638832  1.886932680
 0.000033827 5857.901223683  1.847778445
 0.000037522 5709.587780917  1.814963175
 0.000041273 5587.933293590  1.788549639
 0.000045082 5483.004334990  1.766019827
 0.000048949 5386.860528885  1.745249545
 0.000052874 5296.022707924  1.725393750
 0.000056858 5219.535234003  1.709039070
 0.000060902 5148.718635586  1.693936080
 0.000065007 5080.887337774  1.679276511
 0.000069175 5019.386012319  1.666129585
 0.000073407 4962.397620902  1.653991349
 0.000077706 4907.967955013  1.642328278
 0.000082073 4854.018128276  1.630580292
 0.000086511 4805.758111007  1.620279218
 0.000091023 4757.665265950  1.609860929
 0.000095612 4711.459930896  1.599833633
 0.000100280 4668.881278920  1.590702200
 0.000105032 4626.716188112  1.581585235
 0.000109870 4588.874751246  1.573540590
 0.000114799 4546.692266594  1.564247673
 0.000119823 4509.111475511  1.556144280
 0.000124945 4472.837719961  1.548327008
 0.000130171 4444.430408933  1.542699081
 0.000135509 4403.599785904  1.533495724
 0.000140959 4374.352527214  1.527443783
 0.000146468 4339.953413239  1.519926313
 0.000152022 4315.007214793  1.515006997
 0.000157621 4278.215051730  1.506633548
 0.000163266 4247.340370190  1.499869549
 0.000168960 4217.009864970  1.493214933
 0.000174704 4190.725480882  1.487641313
 0.000180501 4163.349062165  1.481781709
 0.000186353 4127.848418761  1.473465509
 0.000192262 4102.294675976  1.467965863
 0.000198231 4069.754364623  1.460463236
 0.000204263 4040.972455114  1.453984790
 0.000210360 4019.351539378  1.449528545
 0.000216525 3984.445598930  1.441232151
 0.000222761 3956.520159060  1.434902917
 0.000229070 3936.320145080  1.430727788
 0.000235457 3902.534508804  1.422556356
 0.000241925 3882.378271549  1.418102414
 0.000248478 3850.853256531  1.410412575
 0.000255121 3824.668265925  1.404319287
 0.000261857 3801.803558002  1.399301061
 0.000268691 3775.200701576  1.393349386
 0.000275591 3752.420039119  1.388493863
 0.000282536 3726.933946710  1.382752179
 0.000289525 3701.855136633  1.377037443
 0.000296560 3677.676769039  1.371530661
 0.000303642 3653.890799290  1.366109236
 0.000310773 3630.454007961  1.360763000
 0.000317955 3607.538063097  1.355528722
 0.000325189 3585.072059688  1.350390961
 0.000332479 3563.125393216  1.345403929
 0.000339826 3541.803067516  1.340558080
 0.000347234 3521.085480824  1.335860607
 0.000354704 3501.090957689  1.331338203
 0.000362238 3481.629323516  1.326924540
 0.000369840 3462.721798979  1.322618331
 0.000377512 3444.351628143  1.318455519
 0.000385256 3426.621040540  1.314435802
 0.000393076 3409.382002060  1.310527456
 0.000400975 3392.732077252  1.306747904
 0.000408957 3376.447509371  1.303128946
 0.000417008 3360.780309942  1.299666917
 0.000425109 3345.867347414  1.296354096
 0.000433258 3331.610418385  1.293201538
 0.000441455 3317.914384508  1.290191286
 0.000449700 3304.631683203  1.287285334
 0.000457992 3291.656844150  1.284436949
 0.000466333 3275.974778927  1.280753766
 0.000474723 3261.705449543  1.277500886
 0.000483164 3249.751136506  1.274863567
 0.000491658 3243.153943032  1.273756767
 0.000500207 3229.480278294  1.270595587
 0.000508812 3216.701176238  1.267712782
 0.000517475 3205.248175716  1.265166328
 0.000526200 3198.880404625  1.264069593
 0.000534987 3184.363107810  1.260625891
 0.000543840 3173.422706678  1.258210345
 0.000552760 3163.020277014  1.255907521
 0.000561748 3152.783989112  1.253688927
 0.000570786 3143.206805688  1.251604128
 0.000579873 3133.161636052  1.249424589
 0.000589010 3125.638974094  1.247864788
 0.000598197 3114.715451464  1.245402137
 0.000607436 3108.945403520  1.244394934
 0.000616724 3096.475264959  1.241457150
 0.000626061 3086.378834490  1.239226789
 0.000635448 3079.463516181  1.237857993
 0.000644885 3068.524214068  1.235306995
 0.000654372 3063.070689767  1.234334046
 0.000663912 3051.813544485  1.231697465
 0.000673506 3041.062215425  1.229197512
 0.000683156 3035.389625115  1.228155727
 0.000692862 3022.616925911  1.225079561
 0.000702615 3013.326077144  1.223012041
 0.000712415 3004.488099503  1.221036010
 0.000722263 2995.340937376  1.218983970
 0.000732160 2985.530652776  1.216751948
 0.000742108 2976.260065219  1.214655229
 0.000752106 2967.136825074  1.212604955
 0.000762156 2961.097418737  1.211413923
 0.000772258 2950.796048642  1.209010899
 0.000782413 2941.717752135  1.206965324
 0.000792621 2931.722795430  1.204657228
 0.000802882 2923.202700411  1.202729121
 0.000813186 2915.026587501  1.200924572
 0.000823531 2906.458852718  1.199007039
 0.000833918 2899.663251948  1.197559195
 0.000844348 2890.222274056  1.195387481
 0.000854821 2884.852575079  1.194366173
 0.000865339 2874.874516979  1.192026401
 0.000875903 2866.889165352  1.190229499
 0.000886515 2861.093490669  1.189071152
 0.000897176 2852.074901696  1.186996370
 0.000907887 2847.652448209  1.186232986
 0.000918650 2838.143632087  1.183985458
 0.000929466 2831.093317360  1.182458864
 0.000940334 2825.385811289  1.181325822
 0.000951253 2817.537210607  1.179563465
 0.000962210 2813.497587008  1.178871843
 0.000973205 2804.511136759  1.176780583
 0.000984240 2798.061456984  1.175409196
 0.000995315 2791.921754814  1.174131963
 0.001006430 2785.289358846  1.172691264
 0.001017590 2780.102042751  1.171675900
 0.001028790 2772.702215677  1.170027801
 0.001040040 2768.456994626  1.169281684
 0.001051330 2760.570439144  1.167472721
 0.001062670 2753.935340513  1.166031361
 0.001074050 2749.088577080  1.165098269
 0.001085490 2741.510276474  1.163408882
 0.001096970 2737.546691683  1.162711143
 0.001108510 2729.459517677  1.160855097
 0.001120090 2723.138758423  1.159514873
 0.001131710 2718.014917540  1.158494731
 0.001143370 2710.893605064  1.156894841
 0.001155060 2706.686350518  1.156147635
 0.001166790 2698.730417933  1.154317197
 0.001178570 2692.642377091  1.153030525
 0.001190380 2686.898710099  1.151819823
 0.001202230 2680.768230861  1.150505386
 0.001214130 2675.757179111  1.149514396
 0.001226070 2668.989446169  1.148027996
 0.001238060 2664.939667540  1.147298026
 0.001250090 2657.816420364  1.145701866
 0.001262170 2651.762235434  1.144409687
 0.001274300 2647.309936115  1.143558005
 0.001286470 2640.643921350  1.142090353
 0.001298700 2636.868173357  1.141440006
 0.001310950 2629.852140932  1.139862007
 0.001323250 2624.345045725  1.138712257
 0.001335570 2619.854739702  1.137861245
 0.001347940 2613.682444901  1.136535865
 0.001360350 2610.162190166  1.135940564
 0.001372790 2603.489979175  1.134450596
 0.001385270 2598.432977960  1.133428508
 0.001397800 2593.499787265  1.132447187
 0.001410370 2588.289472261  1.131370554
 0.001422980 2584.124832183  1.130592826
 0.001435630 2578.305159423  1.129352312
 0.001448340 2574.802057929  1.128763534
 0.001461080 2568.786185750  1.127454177
 0.001473880 2563.751103254  1.126423109
 0.001486720 2560.080713855  1.125776401
 0.001499590 2554.537261186  1.124623154
 0.001512500 2551.485322885  1.124147120
 0.001525440 2545.860298450  1.122943604
 0.001538420 2541.313542674  1.122044734
 0.001551430 2537.770788068  1.121445573
 0.001564480 2532.713523461  1.120388592
 0.001577580 2529.861141883  1.119973646
 0.001590710 2524.376900807  1.118807747
 0.001603880 2520.192604830  1.118021770
 0.001617100 2516.411975438  1.117323976
 0.001630350 2512.252654859  1.116525861
 0.001643660 2509.043447052  1.115999358
 0.001657010 2504.540872009  1.115110827
 0.001670400 2501.806168228  1.114709411
 0.001683830 2496.932217978  1.113704146
 0.001697290 2492.843899083  1.112919361
 0.001710790 2489.925250717  1.112464373
 0.001724320 2485.261291258  1.111516218
 0.001737880 2482.633593472  1.111160749
 0.001751480 2477.870200482  1.110179425
 0.001765120 2474.006213211  1.109451270
 0.001778790 2470.841087735  1.108931107
 0.001792500 2466.547154615  1.108077976
 0.001806250 2464.144054302  1.107764552
 0.001820050 2459.414316360  1.106805000
 0.001833880 2455.831613311  1.106156430
 0.001847750 2452.231718177  1.105486818
 0.001861670 2448.562153456  1.104814076
 0.001875630 2445.563458153  1.104327167
 0.001889630 2441.481277647  1.103532153
 0.001903670 2438.922903813  1.103171827
 0.001917730 2434.629207442  1.102310516
 0.001931830 2430.810116830  1.101596262
 0.001945960 2428.212839839  1.101203366
 0.001960120 2424.077479463  1.100382391
 0.001974320 2421.791977661  1.100090773
 0.001988560 2417.414463845  1.099211749
 0.002002830 2413.909745036  1.098570388
 0.002017140 2411.033739381  1.098114053
 0.002031480 2407.211860281  1.097379769
 0.002045870 2404.999481552  1.097106764
 0.002060300 2400.615779279  1.096210671
 0.002074760 2397.545114197  1.095682414
 0.002089270 2394.522070140  1.095174936
 0.002103830 2391.204813396  1.094591094
 0.002118420 2388.676852839  1.094214057
 0.002133040 2385.098104519  1.093551231
 0.002147690 2382.755121992  1.093239512
 0.002162370 2379.104007089  1.092537772
 0.002177090 2375.840382134  1.091951564
 0.002191840 2373.417599159  1.091599596
 0.002206620 2369.816160947  1.090915294
 0.002221440 2367.737461564  1.090685232
 0.002236290 2363.984076308  1.089946568
 0.002251180 2360.890773867  1.089426173
 0.002266110 2358.493280853  1.089079514
 0.002281070 2355.201890775  1.088470346
 0.002296080 2352.736938714  1.088111662
 0.002311120 2349.425175086  1.087503308
 0.002326210 2347.078251880  1.087161258
 0.002341340 2343.699569541  1.086539911
 0.002356500 2340.912653112  1.086089493
 0.002371690 2337.877005997  1.085562471
 0.002386910 2335.127723391  1.085124207
 0.002402160 2333.028784732  1.084838441
 0.002417450 2329.469490699  1.084168382
 0.002432760 2327.520794479  1.083952786
 0.002448120 2324.142989840  1.083302367
 0.002463500 2321.775765589  1.082957790
 0.002478920 2318.667848075  1.082417436
 0.002494380 2316.426623178  1.082093831
 0.002509870 2313.335853971  1.081546561
 0.002525400 2310.861422490  1.081184181
 0.002540970 2308.107035793  1.080706552
 0.002556580 2305.687053878  1.080335827
 0.002572230 2303.788003521  1.080137966
 0.002587910 2300.540772594  1.079522485
 0.002603630 2298.676574228  1.079305858
 0.002619370 2295.451312954  1.078724630
 0.002635140 2293.237895352  1.078423691
 0.002650950 2290.491907035  1.077954898
 0.002666790 2288.430359898  1.077681370
 0.002682660 2285.735498619  1.077224317
 0.002698560 2283.426725281  1.076907344
 0.002714490 2280.883746798  1.076483204
 0.002730460 2278.552675933  1.076138656
 0.002746470 2276.582428200  1.075912188
 0.002762510 2273.579141022  1.075359385
 0.002778590 2271.763284045  1.075159056
 0.002794710 2268.842447074  1.074628059
 0.002810860 2266.877293188  1.074386843
 0.002827050 2264.204172205  1.073940867
 0.002843270 2262.302186374  1.073706951
 0.002859530 2259.600776705  1.073250492
 0.002875810 2257.488268747  1.072952647
 0.002892120 2255.119914376  1.072593753
 0.002908460 2253.029615533  1.072314855
 0.002924830 2251.420837057  1.072145362
 0.002941240 2248.665823589  1.071685118
 0.002957670 2247.146877273  1.071546236
 0.002974140 2244.353940944  1.071050543
 0.002990650 2242.478743638  1.070847863
 0.003007190 2240.124644271  1.070448045
 0.003023760 2238.249613428  1.070228308
 0.003040370 2235.838547412  1.069847782
 0.003057010 2233.845536908  1.069571261
 0.003073700 2231.588229820  1.069224229
 0.003090410 2229.553392907  1.068974635
 0.003107160 2228.145008535  1.068851856
 0.003123940 2225.505957773  1.068401757
 0.003140740 2223.940883448  1.068266953
 0.003157580 2221.459286040  1.067837697
 0.003174440 2219.649857967  1.067632923
 0.003191330 2217.323451340  1.067253651
 0.003208260 2215.644058120  1.067071955
 0.003225220 2213.241328584  1.066700655
 0.003242200 2211.375942511  1.066453761
 0.003259230 2209.266664729  1.066161409
 0.003276280 2207.500282949  1.065926845
 0.003293370 2206.006684180  1.065804538
 0.003310490 2203.620177523  1.065417153
 0.003327650 2202.250663012  1.065304128
 0.003344850 2199.852590322  1.064934144
 0.003362080 2198.389397924  1.064791764
 0.003379340 2196.207420380  1.064456943
 0.003396630 2194.500195704  1.064288818
 0.003413940 2192.498109361  1.063973134
 0.003431290 2190.706728385  1.063760323
 0.003448660 2188.799157689  1.063505588
 0.003466070 2186.946613644  1.063276573
 0.003483500 2185.575500075  1.063156480
 0.003500970 2183.198190342  1.062791188
 0.003518460 2181.919937495  1.062680010
 0.003535990 2179.633764146  1.062318463
 0.003553550 2178.056053966  1.062176833
 0.003571140 2176.118866677  1.061893169
 0.003588770 2174.580005020  1.061733137
 0.003606420 2172.629623541  1.061468553
 0.003624120 2171.010729497  1.061281594
 0.003641850 2169.245826178  1.061043476
 0.003659610 2167.658476520  1.060873672
 0.003677400 2166.316576944  1.060790691
 0.003695220 2164.172638287  1.060457195
 0.003713060 2162.910285632  1.060385377
 0.003730930 2160.784892857  1.060063582
 0.003748840 2159.267855348  1.059927683
 0.003766770 2157.310052577  1.059630002
 0.003784730 2156.002800916  1.059517761
 0.003802720 2154.092947050  1.059264622
 0.003820740 2152.491518834  1.059090638
 0.003838790 2150.734063562  1.058871422
 0.003856870 2149.275858475  1.058726990
 0.003874990 2148.009206810  1.058637973
 0.003893130 2146.061515662  1.058363866
 0.003911310 2144.861080721  1.058313351
 0.003929530 2142.843545008  1.058007507
 0.003947780 2141.526528103  1.057915416
 0.003966060 2139.740140227  1.057657335
 0.003984360 2138.390784463  1.057546389
 0.004002700 2136.580965992  1.057314219
 0.004021060 2135.166041611  1.057166177
 0.004039440 2133.486451589  1.056967117
 0.004057860 2132.090655107  1.056857209
 0.004076300 2130.915472020  1.056786387
 0.004094780 2129.083218528  1.056500896
 0.004113280 2128.003374903  1.056460764
 0.004131810 2125.985038923  1.056163653
 0.004150370 2124.753300413  1.056080628
 0.004168970 2123.063571522  1.055881148
 0.004187590 2121.823682484  1.055804322
 0.004206250 2120.147025583  1.055579671
 0.004224930 2118.780554311  1.055462925
 0.004243650 2117.320758671  1.055300888
 0.004262410 2115.893997225  1.055161823
 0.004281190 2114.838637128  1.055140007
 0.004300010 2112.985625740  1.054871562
 0.004318840 2111.921177724  1.054835727
 0.004337710 2110.212418718  1.054607457
 0.004356600 2109.104922915  1.054522916
 0.004375520 2107.503366702  1.054329858
 0.004394460 2106.354805298  1.054254336
 0.004413430 2104.809617326  1.054078112
 0.004432440 2103.513406411  1.053980596
 0.004451470 2102.070619869  1.053840670
 0.004470530 2100.915381089  1.053731804
 0.004489620 2099.902341374  1.053699999
 0.004508740 2098.201957320  1.053484632
 0.004527890 2097.229273080  1.053460253
 0.004547070 2095.511400879  1.053233381
 0.004566280 2094.417148970  1.053188366
 0.004585530 2092.890762988  1.053009408
 0.004604800 2091.707258960  1.052942192
 0.004624110 2090.230308354  1.052776889
 0.004643440 2089.001391748  1.052705197
 0.004662800 2087.603947247  1.052546617
 0.004682180 2086.489750152  1.052453464
 0.004701590 2085.531683202  1.052434485
 0.004721030 2084.007725397  1.052247254
 0.004740490 2083.063120714  1.052238593
 0.004759980 2081.491927718  1.052050698
 0.004779490 2080.431244167  1.052001520
 0.004799040 2079.008973101  1.051857410
 0.004818610 2078.082701339  1.051821550
 0.004838220 2076.658346738  1.051669471
 0.004857850 2075.538321006  1.051603535
 0.004877510 2074.234627762  1.051482220
 0.004897210 2073.023606955  1.051400464
 0.004916930 2072.166617722  1.051400459
 0.004936690 2070.664725130  1.051224549
 0.004956470 2069.751854847  1.051222558
 0.004976290 2068.150083216  1.051035395
 0.004996130 2067.216126041  1.050991817
 0.005015990 2065.884757321  1.050857189
 0.005035880 2064.929500558  1.050836357
 0.005055800 2063.598179312  1.050702303
 0.005075740 2062.518001644  1.050654390
 0.005095710 2061.268198643  1.050538113
 0.005115700 2060.100565576  1.050470899
 0.005135720 2059.284728014  1.050462713
 0.005155770 2057.970184411  1.050322350
 0.005175850 2057.152987628  1.050333073
 0.005195950 2055.739544542  1.050170942
 0.005216080 2054.799404220  1.050157993
 0.005236250 2053.493070583  1.050027737
 0.005256440 2052.596524292  1.050008875
 0.005276660 2051.251316358  1.049886272
 0.005296910 2050.246124079  1.049839122
 0.005317190 2049.158231027  1.049743521
 0.005337510 2048.121667612  1.049694689
 0.005357850 2047.272157868  1.049703261
 0.005378210 2045.885188129  1.049548555
 0.005398600 2045.098033100  1.049567048
 0.005419010 2043.703985366  1.049428618
 0.005439440 2042.733560003  1.049400143
 0.005459900 2041.605979312  1.049300767
 0.005480390 2040.700967688  1.049286844
 0.005500900 2039.524168149  1.049170006
 0.005521440 2038.589152378  1.049143080
 0.005542010 2037.463297016  1.049066081
 0.005562600 2036.459476663  1.049030415
 0.005583220 2035.654127551  1.049043262
 0.005603870 2034.387234569  1.048934070
 0.005624550 2033.587207060  1.048962215
 0.005645260 2032.406826534  1.048836984
 0.005665990 2031.537132270  1.048835071
 0.005686760 2030.312701601  1.048731253
 0.005707550 2029.428645418  1.048729967
 0.005728380 2028.268435976  1.048640416
 0.005749230 2027.313077360  1.048615075
 0.005770100 2026.198633529  1.048539415
 0.005791000 2025.252417701  1.048516045
 0.005811920 2024.468987558  1.048531824
 0.005832870 2023.255428329  1.048423491
 0.005853840 2022.639133553  1.048461371
 0.005874830 2021.332330111  1.048324772
 0.005895850 2020.496259942  1.048324922
 0.005916900 2019.383861541  1.048248007
 0.005937970 2018.559457533  1.048247888
 0.005959070 2017.493002676  1.048187815
 0.005980190 2016.705144047  1.048170782
 0.006001350 2015.693884278  1.048113977
 0.006022530 2014.804766918  1.048092377
 0.006043730 2014.070060170  1.048114483
 0.006064970 2012.906016344  1.048014482
 0.006086240 2012.264305343  1.048064528
 0.006107530 2011.067198474  1.047962216
 0.006128850 2010.267441128  1.047968802
 0.006150210 2009.191972708  1.047894069
 0.006171580 2008.355242841  1.047897291
 0.006192980 2007.337843938  1.047826687
 0.006214400 2006.549676548  1.047823923
 0.006235840 2005.609799485  1.047788395
 0.006257310 2004.755837706  1.047778657
 0.006278800 2004.123784428  1.047829802
 0.006300320 2002.926866096  1.047725150
 0.006321860 2002.333325578  1.047781469
 0.006343420 2001.223644509  1.047676356
 0.006365020 2000.513159873  1.047697564
 0.006386630 1999.490717556  1.047637703
 0.006408280 1998.747621676  1.047652757
 0.006429950 1997.758781382  1.047603657
 0.006451640 1996.905649095  1.047591761
 0.006473370 1995.969839097  1.047560996
 0.006495120 1995.165663381  1.047559514
 0.006516900 1994.540503629  1.047594229
 0.006538710 1993.504168823  1.047518787
 0.006560550 1992.910273919  1.047579792
 0.006582410 1991.810712118  1.047497542
 0.006604300 1991.072675070  1.047518096
 0.006626210 1990.068963964  1.047462608
 0.006648140 1989.419016242  1.047509718
 0.006670100 1988.414067124  1.047452659
 0.006692080 1987.771032407  1.047466648
 0.006714080 1986.896858856  1.047441479
 0.006736100 1986.136625642  1.047450267
 0.006758150 1985.533700898  1.047504242
 0.006780220 1984.477192179  1.047429416
 0.006802320 1983.909165425  1.047492075
 0.006824450 1982.817702735  1.047416184
 0.006846590 1982.141829644  1.047444825
 0.006868770 1981.228604720  1.047395800
 0.006890970 1980.534098940  1.047418314
 0.006913200 1979.678200115  1.047395150
 0.006935450 1978.915678923  1.047407415
 0.006957730 1978.059287483  1.047388337
 0.006980040 1977.297173700  1.047399903
 0.007002380 1976.709041961  1.047458056
 0.007024750 1975.734786524  1.047391084
 0.007047140 1975.198272092  1.047451442
 0.007069550 1974.243795987  1.047404513
 0.007091990 1973.583149082  1.047440355
 0.007114440 1972.729592860  1.047417852
 0.007136920 1972.055408843  1.047455318
 0.007159420 1971.177275010  1.047424602
 0.007181940 1970.456372213  1.047447705
 0.007204490 1969.642154915  1.047436005
 0.007227060 1969.019234803  1.047462444
 0.007249650 1968.486596063  1.047526392
 0.007272270 1967.513328447  1.047468607
 0.007294910 1966.984215329  1.047540881
 0.007317580 1965.976976013  1.047478441
 0.007340270 1965.329882744  1.047516939
 0.007362990 1964.481974148  1.047495675
 0.007385740 1963.897418211  1.047534526
 0.007408510 1963.120658281  1.047526227
 0.007431300 1962.425721170  1.047550756
 0.007454130 1961.644775308  1.047547231
 0.007476980 1960.970801035  1.047574117
 0.007499860 1960.412478368  1.047638702
 0.007522770 1959.497360176  1.047601869
 0.007545700 1958.747676324  1.047611753
 0.007568640 1958.168186989  1.047666033
 0.007591610 1957.499071292  1.047675864
 0.007614600 1956.779248791  1.047679164
 0.007637610 1956.082725817  1.047701668
 0.007660650 1955.615403280  1.047782736
 0.007683700 1954.817528226  1.047769238
 0.007706780 1954.063322918  1.047770209
 0.007729880 1953.319363636  1.047784001
 0.007753010 1952.609327839  1.047796580
 0.007776160 1951.930328646  1.047823727
 0.007799330 1951.300136695  1.047837474
 0.007822530 1950.868112652  1.047930190
 0.007845750 1950.066108263  1.047920209
 0.007869000 1949.337200191  1.047931328
 0.007892270 1948.626259069  1.047952509
 0.007915570 1947.929169618  1.047973122
 0.007938900 1947.528085009  1.048063376
 0.007962250 1946.716235718  1.048059269
 0.007985630 1945.956262191  1.048069454
 0.008009040 1945.260078931  1.048095057
 0.008032470 1944.599832280  1.048117268
 0.008055920 1943.967724621  1.048155111
 0.008079390 1943.320199155  1.048182034
 0.008102880 1942.925821511  1.048278561
 0.008126400 1942.166593502  1.048281626
 0.008149930 1941.507791650  1.048299409
 0.008173480 1940.794767611  1.048318984
 0.008197060 1940.204850122  1.048354030
 0.008220660 1939.745671458  1.048442132
 0.008244280 1939.058320123  1.048448290
 0.008267920 1938.316953513  1.048463220
 0.008291590 1937.735124899  1.048492661
 0.008315280 1937.028795618  1.048518962
 0.008339000 1936.485630448  1.048563291
 0.008362740 1935.810874775  1.048599272
 0.008386500 1935.495973273  1.048702359
 0.008410290 1934.693812901  1.048702871
 0.008434100 1934.087200137  1.048727959
 0.008457940 1933.392435658  1.048759257
 0.008481810 1932.849130040  1.048796471
 0.008505700 1932.390981984  1.048895147
 0.008529620 1931.763994435  1.048908322
 0.008553570 1931.049133109  1.048934810
 0.008577530 1930.501943168  1.048970672
 0.008601520 1929.819987916  1.049006809
 0.008625520 1929.297869188  1.049054638
 0.008649540 1928.670464493  1.049094421
 0.008673590 1928.349165406  1.049199723
 0.008697650 1927.634344029  1.049210034
 0.008721740 1927.009975790  1.049239322
 0.008745840 1926.388738092  1.049273771
 0.008769970 1925.819651627  1.049320553
 0.008794120 1925.445769361  1.049418540
 0.008818300 1924.787356423  1.049441421
 0.008842490 1924.149720992  1.049469305
 0.008866710 1923.585402968  1.049519419
 0.008890960 1922.998836002  1.049556328
 0.008915220 1922.440542557  1.049613438
 0.008939510 1921.883239396  1.049658356
 0.008963830 1921.544781769  1.049772658
 0.008988170 1920.858030082  1.049785857
 0.009012530 1920.252633383  1.049824829
 0.009036920 1919.679992196  1.049865009
 0.009061340 1919.126128218  1.049918279
 0.009085780 1918.586805570  1.049968071
 0.009110250 1918.045248338  1.050024460
 0.009134740 1917.519448130  1.050082754
 0.009159240 1917.042595616  1.050151154
 0.009183770 1916.623093243  1.050233662
 0.009208310 1915.891880791  1.050233542
 0.009232880 1915.355213703  1.050287240
 0.009257460 1914.859925050  1.050338573
 0.009282070 1914.318705436  1.050397501
 0.009306690 1913.855481280  1.050455343
 0.009331340 1913.333944813  1.050513416
 0.009356000 1912.920065032  1.050582342
 0.009380690 1912.499848090  1.050665921
 0.009405410 1911.794386276  1.050674600
 0.009430140 1911.289730294  1.050741053
 0.009454900 1910.773865007  1.050809279
 0.009479680 1910.186773615  1.050856780
 0.009504480 1909.670440740  1.050904105
 0.009529310 1909.212713161  1.050984778
 0.009554160 1908.607625349  1.051027146
 0.009579030 1908.372890391  1.051150887
 0.009603930 1907.776535494  1.051205597
 0.009628860 1907.237134049  1.051233630
 0.009653810 1906.661311150  1.051286095
 0.009678780 1906.378637896  1.051388103
 0.009703780 1905.653531900  1.051399379
 0.009728800 1905.266219919  1.051476469
 0.009753840 1904.673276210  1.051524609
 0.009778890 1904.267955602  1.051599363
 0.009803970 1903.889770262  1.051708403
 0.009829060 1903.264909899  1.051728134
 0.009854170 1902.775240267  1.051794544
 0.009879300 1902.270087967  1.051840953
 0.009904460 1901.743594894  1.051906534
 0.009929630 1901.291661428  1.051973623
 0.009954820 1900.868265237  1.052052792
 0.009980040 1900.435124272  1.052147942
 0.010005300 1899.841875989  1.052174004
 0.010030500 1899.347839777  1.052237654
 0.010055800 1899.087237284  1.052352053
 0.010081100 1898.381344511  1.052368907
 0.010106400 1897.893725735  1.052431518
 0.010131800 1897.460049610  1.052506155
 0.010157200 1897.040116649  1.052607682
 0.010182600 1896.471516262  1.052639127
 0.010208000 1896.078025075  1.052717323
 0.010233400 1895.719230399  1.052839169
 0.010258900 1895.086709037  1.052850272
 0.010284400 1894.602889874  1.052925053
 0.010309900 1894.202278765  1.053001290
 0.010335400 1893.826442687  1.053107125
 0.010361000 1893.252157436  1.053146381
 0.010386600 1892.979538710  1.053256420
 0.010412200 1892.323044323  1.053296184
 0.010437800 1891.916201230  1.053362719
 0.010463400 1891.436320026  1.053423443
 0.010489100 1890.939253892  1.053490105
 0.010514700 1890.483643264  1.053570052
 0.010540400 1890.021028497  1.053637128
 0.010566100 1889.588537239  1.053719786
 0.010591800 1889.148542817  1.053795388
 0.010617600 1888.776038394  1.053895698
 0.010643400 1888.257201752  1.053941552
 0.010669100 1887.858450744  1.054023863
 0.010695000 1887.583252048  1.054142081
 0.010720800 1886.948324210  1.054158308
 0.010746700 1886.562161336  1.054241985
 0.010772500 1886.121593286  1.054316813
 0.010798400 1885.696052771  1.054402198
 0.010824400 1885.485047187  1.054518487
 0.010850300 1884.907945461  1.054560258
 0.010876300 1884.448763341  1.054636142
 0.010902300 1883.992745919  1.054711444
 0.010928300 1883.634097483  1.054815922
 0.010954300 1883.098691463  1.054856282
 0.010980400 1882.694968433  1.054934542
 0.011006500 1882.282849738  1.055017913
 0.011032600 1881.887965296  1.055100959
 0.011058700 1881.550852956  1.055202407
 0.011084800 1881.062530710  1.055268229
 0.011111000 1880.776458723  1.055388264
 0.011137200 1880.244687572  1.055421812
 0.011163400 1879.861296539  1.055512940
 0.011189600 1879.359588849  1.055579208
 0.011215800 1878.942857697  1.055658121
 0.011242000 1878.532299093  1.055735111
 0.011268300 1878.168554956  1.055828224
 0.011294600 1877.783318742  1.055917405
 0.011320900 1877.360256346  1.055994785
 0.011347200 1876.994604761  1.056101255
 0.011373600 1876.565588563  1.056162191
 0.011400000 1876.183559712  1.056253245
 0.011426400 1875.917192698  1.056370547
 0.011452800 1875.287868098  1.056405206
 0.011479200 1874.955506194  1.056497458
 0.011505700 1874.555962685  1.056575014
 0.011532200 1874.194988537  1.056670537
 0.011558700 1873.910623626  1.056797876
 0.011585200 1873.370099095  1.056839642
 0.011611800 1873.021139575  1.056922981
 0.011638300 1872.623812774  1.057013126
 0.011664900 1872.312154641  1.057119725
 0.011691600 1871.767337270  1.057172801
 0.011718200 1871.398306184  1.057273380
 0.011744800 1870.945057765  1.057352620
 0.011771500 1870.637479764  1.057444336
 0.011798200 1870.193299411  1.057534078
 0.011824900 1869.860145252  1.057621779
 0.011851600 1869.434538645  1.057706432
 0.011878300 1869.143678731  1.057800019
 0.011905100 1868.778491645  1.057895574
 0.011931900 1868.423963415  1.057977290
 0.011958700 1868.139484199  1.058109738
 0.011985500 1867.642249994  1.058158180
 0.012012300 1867.319303637  1.058262253
 0.012039200 1866.940528018  1.058350917
 0.012066100 1866.740041093  1.058474555
 0.012093000 1866.235193980  1.058521306
 0.012119900 1865.898685846  1.058606634
 0.012146800 1865.517966031  1.058694698
 0.012173800 1865.197576339  1.058791247
 0.012200800 1864.842789905  1.058882155
 0.012227800 1864.519325285  1.058987863
 0.012254800 1864.071625966  1.059051363
 0.012281800 1863.674369945  1.059146109
 0.012308900 1863.383063782  1.059251634
 0.012336000 1863.045247600  1.059354817
 0.012363100 1862.583480701  1.059436080
 0.012390300 1862.422888080  1.059577296
 0.012417400 1861.884919478  1.059634342
 0.012444600 1861.658212357  1.059745384
 0.012471800 1861.150669859  1.059808019
 0.012499000 1860.977539042  1.059943454
 0.012526200 1860.492573853  1.060003658
 0.012553500 1860.251342910  1.060118590
 0.012580700 1859.837153010  1.060194810
 0.012608000 1859.496499391  1.060299584
 0.012635300 1859.171522274  1.060392445
 0.012662600 1858.927095686  1.060523375
 0.012689900 1858.447593406  1.060575094
 0.012717300 1858.092548150  1.060680538
 0.012744600 1857.809029128  1.060785310
 0.012772000 1857.444830476  1.060865975
 0.012799400 1857.170446106  1.060987071
 0.012826900 1856.819743751  1.061071038
 0.012854300 1856.575027138  1.061173176
 0.012881800 1856.191270740  1.061247045
 0.012909300 1855.761142434  1.061341315
 0.012936800 1855.439223972  1.061444355
 0.012964300 1855.121988254  1.061570098
 0.012991900 1854.754647965  1.061662195
 0.013019400 1854.373753795  1.061763139
 0.013047000 1854.033813267  1.061874987
 0.013074700 1853.658142170  1.061955518
 0.013102300 1853.331067466  1.062070948
 0.013130000 1853.033614403  1.062171479
 0.013157600 1852.720511717  1.062280369
 0.013185300 1852.413254933  1.062371616
 0.013213100 1852.121100409  1.062464888
 0.013240800 1851.831006486  1.062572945
 0.013268500 1851.451380289  1.062661572
 0.013296300 1851.137112590  1.062768300
 0.013324100 1850.756727311  1.062864552
 0.013351900 1850.491031832  1.062976852
 0.013379700 1850.139093687  1.063068106
 0.013407500 1849.944068688  1.063208201
 0.013435400 1849.468649135  1.063274104
 0.013463200 1849.303202868  1.063413033
 0.013491100 1848.796304777  1.063474018
 0.013519000 1848.561624319  1.063581891
 0.013547000 1848.239359117  1.063695930
 0.013574900 1848.092642087  1.063830578
 0.013602900 1847.662619701  1.063917497
 0.013630800 1847.346023205  1.064006870
 0.013658900 1847.064362065  1.064122908
 0.013686900 1846.667490763  1.064205240
 0.013714900 1846.397807874  1.064310661
 0.013743000 1846.080863161  1.064419178
 0.013771100 1845.855249781  1.064536739
 0.013799200 1845.508447043  1.064637028
 0.013827300 1845.161486469  1.064731062
 0.013855500 1844.925164045  1.064852623
 0.013883600 1844.487026640  1.064932923
 0.013911800 1844.302194147  1.065053346
 0.013940000 1843.945242551  1.065157845
 0.013968300 1843.744964261  1.065271157
 0.013996500 1843.366223664  1.065372353
 0.014024800 1843.119247311  1.065479045
 0.014053100 1842.779167937  1.065586272
 0.014081300 1842.462281793  1.065685796
 0.014109700 1842.212657156  1.065795761
 0.014138000 1841.884345426  1.065901069
 0.014166300 1841.645366085  1.066014091
 0.014194700 1841.313662646  1.066111619
 0.014223100 1841.156284662  1.066254863
 0.014251400 1840.768196582  1.066334890
 0.014279900 1840.561089874  1.066473916
 0.014308300 1840.230683630  1.066546968
 0.014336700 1839.917271566  1.066659079
 0.014365200 1839.672699472  1.066777547
 0.014393700 1839.516023356  1.066912742
 0.014422200 1839.173335278  1.067007932
 0.014450700 1838.803794312  1.067098339
 0.014479300 1838.584445963  1.067227137
 0.014507800 1838.208582382  1.067306747
 0.014536400 1837.963143557  1.067422375
 0.014565000 1837.683927119  1.067536761
 0.014593600 1837.468911193  1.067664695
 0.014622300 1837.108872707  1.067767304
 0.014650900 1836.859790131  1.067868362
 0.014679600 1836.608871996  1.067989466
 0.014708300 1836.283779093  1.068081531
 0.014737100 1836.029229912  1.068211435
 0.014765800 1835.745025051  1.068318762
 0.014794600 1835.535931356  1.068434726
 0.014823300 1835.230758354  1.068538830
 0.014852100 1834.911938868  1.068649057
 0.014881000 1834.664550052  1.068769835
 0.014909800 1834.365912244  1.068861276
 0.014938600 1834.151580678  1.068990117
 0.014967500 1833.835068774  1.069093156
 0.014996300 1833.620333127  1.069219592
 0.015025200 1833.287141116  1.069326372
 0.015054100 1833.080393230  1.069438620
 0.015083100 1832.833213791  1.069561392
 0.015112000 1832.579505690  1.069670611
 0.015141000 1832.441748215  1.069817461
 0.015169900 1832.145559301  1.069901348
 0.015198900 1831.957029171  1.070006015
 0.015227900 1831.779274799  1.070134851
 0.015257000 1831.450483275  1.070226736
 0.015286000 1831.261369162  1.070352517
 0.015315100 1830.990050841  1.070457120
 0.015344200 1830.711628259  1.070571526
 0.015373300 1830.440388612  1.070696615
 0.015402400 1830.128064120  1.070793762
 0.015431500 1829.905670805  1.070917831
 0.015460700 1829.772303829  1.071049733
 0.015489900 1829.513159331  1.071171773
 0.015519100 1829.182769736  1.071262087
 0.015548300 1828.964642256  1.071377129
 0.015577500 1828.735388953  1.071505522
 0.015606800 1828.472307972  1.071621767
 0.015636100 1828.178210118  1.071732715
 0.015665400 1827.902165653  1.071846673
 0.015694700 1827.664445412  1.071975170
 0.015724000 1827.493485306  1.072105110
 0.015753400 1827.254456395  1.072214657
 0.015782800 1827.012003469  1.072320182
 0.015812100 1826.812913623  1.072447982
 0.015841500 1826.525750236  1.072555237
 0.015870900 1826.265272039  1.072678631
 0.015900400 1826.128517796  1.072818128
 0.015929800 1825.748378885  1.072902437
 0.015959200 1825.533792933  1.073028405
 0.015988700 1825.272055392  1.073143146
 0.016018200 1825.035237024  1.073267214
 0.016047700 1824.814683833  1.073397250
 0.016077200 1824.531834004  1.073510305
 0.016106800 1824.285377646  1.073644886
 0.016136300 1824.037620755  1.073760215
 0.016165900 1823.735035126  1.073878641
 0.016195500 1823.518384014  1.074003620
 0.016225100 1823.397749937  1.074141713
 0.016254700 1823.060643636  1.074228247
 0.016284400 1822.852914469  1.074358952
 0.016314000 1822.657363808  1.074496914
 0.016343700 1822.486663883  1.074628658
 0.016373400 1822.157077145  1.074713549
 0.016403200 1822.044124292  1.074874632
 0.016432900 1821.786009167  1.074994518
 0.016462700 1821.409797243  1.075080292
 0.016492400 1821.157367600  1.075203413
 0.016522200 1820.931708968  1.075326917
 0.016552100 1820.714316530  1.075457795
 0.016581900 1820.483348996  1.075565953
 0.016611800 1820.221697771  1.075686419
 0.016641600 1820.127999324  1.075842606
 0.016671500 1819.771382136  1.075930604
 0.016701400 1819.623911203  1.076067788
 0.016731300 1819.316702511  1.076175338
 0.016761300 1819.095615644  1.076304816
 0.016791200 1818.914390278  1.076431806
 0.016821200 1818.682743814  1.076552906
 0.016851100 1818.416669412  1.076681236
 0.016881100 1818.216393592  1.076817659
 0.016911100 1817.955322774  1.076922254
 0.016941200 1817.735173787  1.077051285
 0.016971200 1817.520425560  1.077162649
 0.017001200 1817.334456787  1.077296444
 0.017031300 1817.146549733  1.077415795
 0.017061400 1816.909675632  1.077547687
 0.017091500 1816.724942277  1.077663353
 0.017121600 1816.525283366  1.077797660
 0.017151800 1816.216893877  1.077899379
 0.017181900 1815.983778818  1.078034522
 0.017212100 1815.834797238  1.078163898
 0.017242300 1815.553486416  1.078282426
 0.017272500 1815.379603542  1.078409047
 0.017302700 1815.246242489  1.078562229
 0.017333000 1815.075392497  1.078688280
 0.017363200 1814.716894002  1.078783128
 0.017393500 1814.475843212  1.078902845
 0.017423800 1814.250480645  1.079040227
 0.017454200 1814.093873950  1.079170708
 0.017484500 1813.897342987  1.079283450
 0.017514900 1813.678568144  1.079416431
 0.017545200 1813.621163406  1.079562098
 0.017575600 1813.318267778  1.079665674
 0.017606100 1813.077641785  1.079788514
 0.017636500 1812.966756559  1.079950283
 0.017666900 1812.663804331  1.080041066
 0.017697400 1812.490751938  1.080178050
 0.017727800 1812.243712574  1.080283045
 0.017758300 1812.054197960  1.080426936
 0.017788800 1811.919114659  1.080547409
 0.017819300 1811.665161670  1.080665111
 0.017849800 1811.478102115  1.080804198
 0.017880400 1811.284248173  1.080947933
 0.017910900 1811.147274809  1.081073879
 0.017941500 1810.893327491  1.081189241
 0.017972100 1810.668954098  1.081312344
 0.018002700 1810.436958302  1.081434109
 0.018033300 1810.324494115  1.081580823
 0.018063900 1810.046214941  1.081697764
 0.018094600 1809.860911660  1.081829762
 0.018125300 1809.748500744  1.081985348
 0.018155900 1809.589982407  1.082116358
 0.018186700 1809.275053529  1.082213227
 0.018217400 1809.068825632  1.082322925
 0.018248100 1808.968949825  1.082461841
 0.018278900 1808.848276785  1.082609901
 0.018309600 1808.566180735  1.082712122
 0.018340400 1808.361974599  1.082847843
 0.018371200 1808.145105602  1.082976680
 0.018402100 1807.897042294  1.083109382
 0.018432900 1807.756738388  1.083256989
 0.018463800 1807.561139510  1.083370350
 0.018494700 1807.359331711  1.083498909
 0.018525600 1807.182396103  1.083622580
 0.018556500 1807.019002296  1.083760206
 0.018587400 1806.827788744  1.083896491
 0.018618400 1806.563067890  1.084005909
 0.018649300 1806.429386727  1.084147598
 0.018680300 1806.276588274  1.084278645
 0.018711300 1806.070567538  1.084414261
 0.018742300 1805.872526796  1.084544495
 0.018773300 1805.676132585  1.084677688
 0.018804400 1805.492365843  1.084801415
 0.018835400 1805.313983956  1.084923608
 0.018866500 1805.160833090  1.085060970
 0.018897500 1805.015194142  1.085197399
 0.018928600 1804.771471392  1.085310201
 0.018959700 1804.626627412  1.085458105
 0.018990900 1804.462333706  1.085608813
 0.019022000 1804.257700182  1.085733418
 0.019053100 1804.000820480  1.085851566
 0.019084300 1803.847723128  1.085979271
 0.019115500 1803.671446851  1.086121810
 0.019146700 1803.518030996  1.086261591
 0.019177900 1803.266259201  1.086378942
 0.019209100 1803.094889961  1.086515181
 0.019240400 1802.918264842  1.086637718
 0.019271600 1802.757883694  1.086776805
 0.019302900 1802.586953061  1.086918206
 0.019334200 1802.339415042  1.087035175
 0.019365500 1802.199433955  1.087177783
 0.019396900 1802.129017766  1.087327207
 0.019428200 1801.868499739  1.087437609
 0.019459600 1801.681790379  1.087577914
 0.019491000 1801.484253965  1.087698517
 0.019522400 1801.297878277  1.087842786
 0.019553800 1801.146074424  1.087964034
 0.019585200 1800.999059483  1.088103180
 0.019616700 1800.833643797  1.088246291
 0.019648200 1800.602511280  1.088368046
 0.019679700 1800.470343846  1.088514234
 0.019711200 1800.397582711  1.088666916
 0.019742700 1800.152186180  1.088778839
 0.019774200 1799.931628057  1.088909484
 0.019805800 1799.735125827  1.089035418
 0.019837300 1799.553800091  1.089177855
 0.019868900 1799.414651823  1.089305834
 0.019900500 1799.208178794  1.089440202
 0.019932100 1799.059997117  1.089599176
 0.019963700 1798.813358138  1.089726936
 0.019995300 1798.635753711  1.089867217
 0.020026900 1798.495295545  1.090003327
 0.020058600 1798.275532141  1.090131193
 0.020090300 1798.053316144  1.090263559
 0.020121900 1797.903399029  1.090405855
 0.020153600 1797.805406262  1.090569789
 0.020185300 1797.586748679  1.090672006
 0.020217100 1797.435371352  1.090816537
 0.020248800 1797.234715989  1.090946236
 0.020280600 1797.069457890  1.091083691
 0.020312300 1796.896588855  1.091214059
 0.020344100 1796.730271908  1.091342205
 0.020375900 1796.552526169  1.091473486
 0.020407800 1796.394465923  1.091616384
 0.020439600 1796.282530112  1.091769813
 0.020471500 1796.160031375  1.091920310
 0.020503300 1795.877553071  1.092025274
 0.020535200 1795.715188513  1.092152449
 0.020567100 1795.568166422  1.092302079
 0.020599100 1795.411380315  1.092435410
 0.020631000 1795.254731943  1.092568934
 0.020663000 1795.198292709  1.092736966
 0.020694900 1794.930838242  1.092849430
 0.020726900 1794.821380426  1.092993581
 0.020759000 1794.670249588  1.093118075
 0.020791000 1794.564306661  1.093248813
 0.020823000 1794.363942550  1.093375540
 0.020855100 1794.233017444  1.093525693
 0.020887200 1794.040051191  1.093647433
 0.020919200 1793.934338853  1.093792999
 0.020951300 1793.735451234  1.093933276
 0.020983400 1793.582583113  1.094073517
 0.021015600 1793.387206565  1.094219469
 0.021047700 1793.230959311  1.094338904
 0.021079800 1793.066712830  1.094480615
 0.021112000 1792.942202939  1.094620872
 0.021144200 1792.779295829  1.094763572
 0.021176300 1792.733406571  1.094920330
 0.021208500 1792.475222271  1.095035769
 0.021240800 1792.353356596  1.095184612
 0.021273000 1792.178920689  1.095323955
 0.021305200 1792.059035832  1.095465009
 0.021337500 1791.809438079  1.095587810
 0.021369800 1791.687670805  1.095740652
 0.021402000 1791.523746278  1.095863772
 0.021434300 1791.411216616  1.096020800
 0.021466700 1791.239669567  1.096162384
 0.021499000 1791.082922673  1.096297661
 0.021531300 1790.957449869  1.096428229
 0.021563700 1790.770668619  1.096559505
 0.021596100 1790.603802215  1.096699814
 0.021628500 1790.442758656  1.096837390
 0.021660900 1790.290741362  1.096987238
 0.021693300 1790.259442635  1.097140175
 0.021725800 1790.032251285  1.097262228
 0.021758200 1789.893586882  1.097412843
 0.021790700 1789.625777908  1.097545111
 0.021823200 1789.500697472  1.097688313
 0.021855700 1789.268305613  1.097815463
 0.021888300 1789.201256346  1.097965075
 0.021920800 1789.039611789  1.098126101
 0.021953400 1788.898738318  1.098244684
 0.021986000 1788.790708901  1.098390766
 0.022018600 1788.705700944  1.098521918
 0.022051200 1788.477335827  1.098645116
 0.022083800 1788.347009131  1.098782560
 0.022116400 1788.204655849  1.098935188
 0.022149000 1788.068773022  1.099072030
 0.022181700 1787.891909307  1.099216439
 0.022214400 1787.805221161  1.099376540
 0.022247000 1787.569952776  1.099509292
 0.022279700 1787.475219403  1.099652511
 0.022312400 1787.247771697  1.099781771
 0.022345100 1787.219959997  1.099945110
 0.022377900 1786.985433183  1.100069825
 0.022410600 1786.909836827  1.100207199
 0.022443400 1786.814857581  1.100367452
 0.022476100 1786.659726757  1.100488729
 0.022508900 1786.508954009  1.100632667
 0.022541700 1786.403054117  1.100764995
 0.022574500 1786.275580767  1.100905790
 0.022607400 1786.087560149  1.101035544
 0.022640200 1786.033157590  1.101191578
 0.022673100 1785.832556236  1.101321394
 0.022705900 1785.699946374  1.101472141
 0.022738800 1785.492570116  1.101618013
 0.022771700 1785.339369188  1.101758517
 0.022804600 1785.175700281  1.101899576
 0.022837600 1785.068420204  1.102033500
 0.022870500 1784.850961426  1.102170467
 0.022903500 1784.764355772  1.102317916
 0.022936500 1784.622578830  1.102471216
 0.022969500 1784.604154930  1.102626974
 0.023002500 1784.353728424  1.102747861
 0.023035500 1784.286128713  1.102906480
 0.023068600 1784.064994743  1.103039202
 0.023101600 1783.997686035  1.103180596
 0.023134700 1783.805569252  1.103311993
 0.023167800 1783.728349426  1.103461940
 0.023200900 1783.504668779  1.103599899
 0.023234100 1783.446657366  1.103750281
 0.023267200 1783.318870693  1.103902746
 0.023300400 1783.232229277  1.104039393
 0.023333500 1782.997332295  1.104169807
 0.023366700 1782.887543396  1.104310964
 0.023399900 1782.764440574  1.104467144
 0.023433100 1782.654154373  1.104599150
 0.023466300 1782.494219846  1.104739483
 0.023499500 1782.450930908  1.104910719
 0.023532700 1782.215363007  1.105038449
 0.023566000 1782.186810099  1.105185544
 0.023599200 1781.973519622  1.105316052
 0.023632500 1781.890254996  1.105468059
 0.023665800 1781.654760710  1.105599220
 0.023699100 1781.599571445  1.105749432
 0.023732400 1781.431127438  1.105881661
 0.023765700 1781.377092090  1.106036576
 0.023799000 1781.166691952  1.106184598
 0.023832400 1781.091267611  1.106324718
 0.023865800 1780.947476433  1.106468744
 0.023899100 1780.840666899  1.106602597
 0.023932500 1780.648267372  1.106740481
 0.023965900 1780.535500341  1.106885276
 0.023999400 1780.405454791  1.107041838
 0.024032800 1780.403246374  1.107198815
 0.024066300 1780.172676018  1.107322408
 0.024099700 1780.112105228  1.107482757
 0.024133200 1779.903969762  1.107618590
 0.024166700 1779.835895805  1.107760175
 0.024200200 1779.645624448  1.107891381
 0.024233800 1779.591137300  1.108047798
 0.024267300 1779.370077562  1.108185632
 0.024300900 1779.334226554  1.108336978
 0.024334500 1779.235271121  1.108493767
 0.024368100 1779.149456362  1.108634108
 0.024401700 1778.921884362  1.108766082
 0.024435300 1778.796941045  1.108907795
 0.024468900 1778.689829409  1.109061415
 0.024502600 1778.580336571  1.109195376
 0.024536300 1778.422141303  1.109335640
 0.024570000 1778.391809807  1.109510026
 0.024603700 1778.177764561  1.109638846
 0.024637400 1778.122530166  1.109786907
 0.024671100 1777.932712089  1.109920175
 0.024704800 1777.877862662  1.110074759
 0.024738500 1777.645106428  1.110211224
 0.024772300 1777.605119919  1.110360995
 0.024806000 1777.454890094  1.110497909
 0.024839800 1777.395364091  1.110651274
 0.024873600 1777.198763342  1.110802378
 0.024907400 1777.135216266  1.110945648
 0.024941200 1776.980429106  1.111092016
 0.024975000 1776.902506669  1.111228325
 0.025008900 1776.710277307  1.111366257
 0.025042700 1776.616867029  1.111515755
 0.025076600 1776.488139641  1.111672180
 0.025110400 1776.486035419  1.111827405
 0.025144300 1776.267252437  1.111956006
 0.025178200 1776.207567614  1.112116351
 0.025212100 1776.005835775  1.112253789
 0.025246100 1775.958118228  1.112397966
 0.025280000 1775.770808481  1.112532961
 0.025314000 1775.734726025  1.112688670
 0.025347900 1775.503479574  1.112828718
 0.025381900 1775.467649898  1.112980121
 0.025415900 1775.358312555  1.113133622
 0.025449900 1775.284115745  1.113277193
 0.025484000 1775.075597161  1.113413885
 0.025518000 1774.983968682  1.113559814
 0.025552100 1774.879767607  1.113717209
 0.025586100 1774.791385331  1.113853771
 0.025620200 1774.638917591  1.113995703
 0.025654300 1774.605042966  1.114168377
 0.025688500 1774.397626630  1.114298712
 0.025722600 1774.347317523  1.114448520
 0.025756800 1774.186534020  1.114584286
 0.025790900 1774.110731866  1.114737840
 0.025825100 1773.901146792  1.114875300
 0.025859300 1773.860907872  1.115028512
 0.025893500 1773.706622820  1.115165757
 0.025927700 1773.676244834  1.115321651
 0.025962000 1773.485955601  1.115474385
 0.025996200 1773.428674664  1.115619272
 0.026030500 1773.294778946  1.115766398
 0.026064700 1773.213479106  1.115906742
 0.026099000 1773.029508785  1.116046141
 0.026133300 1772.941552417  1.116197281
 0.026167600 1772.823989450  1.116357011
 0.026201900 1772.834690878  1.116515293
 0.026236200 1772.615951917  1.116643957
 0.026270600 1772.569911978  1.116807392
 0.026304900 1772.368598276  1.116944795
 0.026339300 1772.328519409  1.117094387
 0.026373600 1772.161807631  1.117226596
 0.026408000 1772.109287984  1.117382957
 0.026442400 1771.908614127  1.117525479
 0.026476800 1771.856378334  1.117677441
 0.026511200 1771.767478661  1.117833914
 0.026545600 1771.692738062  1.117975601
 0.026580100 1771.493453885  1.118113832
 0.026614600 1771.403593025  1.118259700
 0.026649000 1771.291561404  1.118417123
 0.026683500 1771.216595398  1.118555285
 0.026718000 1771.065466413  1.118698868
 0.026752500 1771.049815341  1.118874600
 0.026787000 1770.854606613  1.119008128
 0.026821600 1770.829124196  1.119158788
 0.026856100 1770.649476803  1.119295335
 0.026890700 1770.587786377  1.119453536
 0.026925300 1770.383263463  1.119591051
 0.026959900 1770.355433511  1.119744000
 0.026994500 1770.210435024  1.119882544
 0.027029100 1770.159428981  1.120037449
 0.027063800 1769.971709609  1.120190043
 0.027098400 1769.935958356  1.120335971
 0.027133100 1769.788837618  1.120483740
 0.027167800 1769.731735723  1.120626641
 0.027202500 1769.552971832  1.120765831
 0.027237200 1769.478157620  1.120918136
 0.027271900 1769.393739821  1.121080100
 0.027306700 1769.417827432  1.121236206
 0.027341500 1769.262661961  1.121369842
 0.027376200 1769.182602231  1.121524026
 0.027411000 1769.092662700  1.121670483
 0.027445800 1768.957202698  1.121815843
 0.027480600 1768.830600889  1.121957597
 0.027515400 1768.708535332  1.122104093
 0.027550200 1768.600899392  1.122257871
 0.027585000 1768.428098058  1.122417223
 0.027619900 1768.422433813  1.122574344
 0.027654700 1768.264968774  1.122713593
 0.027689600 1768.199391066  1.122870339
 0.027724500 1767.990627592  1.123006148
 0.027759400 1767.982052787  1.123161836
 0.027794300 1767.818477595  1.123303025
 0.027829200 1767.785641342  1.123458734
 0.027864100 1767.635158000  1.123615735
 0.027899000 1767.561369461  1.123755807
 0.027934000 1767.456020390  1.123911046
 0.027968900 1767.386111612  1.124054555
 0.028003900 1767.190383018  1.124194249
 0.028038900 1767.112905602  1.124343359
 0.028073900 1767.013324875  1.124502364
 0.028108900 1766.954161641  1.124641578
 0.028143900 1766.820273693  1.124793949
 0.028178900 1766.795975282  1.124962454
 0.028214000 1766.612412247  1.125104565
 0.028249000 1766.572074926  1.125246754
 0.028284100 1766.400549085  1.125384780
 0.028319200 1766.347878509  1.125542932
 0.028354300 1766.150776019  1.125683560
 0.028389400 1766.135814111  1.125839584
 0.028424600 1766.063509217  1.125999114
 0.028459700 1765.967701709  1.126141469
 0.028494900 1765.768730241  1.126285083
 0.028530000 1765.737413881  1.126436335
 0.028565200 1765.612080049  1.126586846
 0.028600400 1765.550760654  1.126731865
 0.028635600 1765.384660116  1.126876005
 0.028670900 1765.335914060  1.127031243
 0.028706100 1765.205155421  1.127187756
 0.028741400 1765.200644352  1.127346629
 0.028776600 1765.038549841  1.127486097
 0.028811900 1764.980794663  1.127644391
 0.028847200 1764.767508625  1.127778566
 0.028882500 1764.763835680  1.127937726
 0.028917900 1764.624213296  1.128078042
 0.028953200 1764.598360340  1.128235266
 0.028988500 1764.466156533  1.128397072
 0.029023900 1764.387617187  1.128535498
 0.029059200 1764.275226001  1.128690987
 0.029094600 1764.223719326  1.128837504
 0.029130000 1764.034904607  1.128978743
 0.029165400 1763.986225137  1.129130437
 0.029200800 1763.879457532  1.129289550
 0.029236200 1763.822985001  1.129432426
 0.029271600 1763.689587571  1.129584834
 0.029307000 1763.672169002  1.129754874
 0.029342500 1763.506053913  1.129896363
 0.029377900 1763.472704822  1.130041798
 0.029413400 1763.295670077  1.130181934
 0.029448900 1763.270921468  1.130342728
 0.029484400 1763.086278873  1.130486518
 0.029519900 1763.076440532  1.130644141
 0.029555400 1762.989507128  1.130804223
 0.029590900 1762.900035303  1.130942412
 0.029626500 1762.712862183  1.131089561
 0.029662000 1762.676039508  1.131239207
 0.029697600 1762.554027962  1.131395187
 0.029733200 1762.484422890  1.131533132
 0.029768700 1762.325173833  1.131678800
 0.029804400 1762.271543798  1.131832455
 0.029840000 1762.152919027  1.131992140
 0.029875600 1762.147248986  1.132145646
 0.029911200 1761.974945074  1.132287322
 0.029946900 1761.929879390  1.132448741
 0.029982600 1761.745596853  1.132585506
 0.030018200 1761.745996028  1.132740726
 0.030053900 1761.580566285  1.132883936
 0.030089600 1761.570488727  1.133040676
 0.030125400 1761.430023043  1.133204527
 0.030161100 1761.352032294  1.133342955
 0.030196800 1761.247027621  1.133498138
 0.030232600 1761.188875637  1.133644815
 0.030268400 1761.028323215  1.133788791
 0.030304200 1760.958279909  1.133939440
 0.030340000 1760.871690658  1.134101605
 0.030375800 1760.817581568  1.134242450
 0.030411600 1760.680976530  1.134392782
 0.030447500 1760.673919032  1.134566461
 0.030483300 1760.520361622  1.134711089
 0.030519200 1760.492598255  1.134858152
 0.030555100 1760.381984305  1.135012158
 0.030591000 1760.327381001  1.135168644
 0.030626800 1760.185998520  1.135314063
 0.030662700 1760.236652944  1.135472835
 0.030698700 1760.102755005  1.135611103
 0.030734600 1760.145809964  1.135775772
 0.030770500 1759.908453726  1.135898161
 0.030806500 1759.937497821  1.136050168
 0.030842400 1759.824837207  1.136206753
 0.030878400 1759.792277163  1.136354090
 0.030914300 1759.663745340  1.136503443
 0.030950300 1759.585874449  1.136654224
 0.030986300 1759.487802887  1.136812790
 0.031022300 1759.448619975  1.136962431
 0.031058400 1759.339568460  1.137117846
 0.031094400 1759.260740575  1.137266167
 0.031130400 1759.174304718  1.137423896
 0.031166500 1759.155611388  1.137571382
 0.031202500 1759.046434220  1.137715511
 0.031238600 1759.004307825  1.137865797
 0.031274700 1758.941567186  1.138026501
 0.031310800 1758.815206690  1.138165014
 0.031346900 1758.784912677  1.138321187
 0.031383000 1758.687077741  1.138467959
 0.031419200 1758.581205225  1.138613530
 0.031455300 1758.477947825  1.138764726
 0.031491500 1758.354311572  1.138913528
 0.031527700 1758.327355382  1.139078636
 0.031563800 1758.160203767  1.139218712
 0.031600000 1758.161175954  1.139375366
 0.031636200 1758.057140973  1.139523594
 0.031672500 1757.999088377  1.139684451
 0.031708700 1757.868351191  1.139825902
 0.031745000 1757.804297693  1.139989951
 0.031781200 1757.699849878  1.140143764
 0.031817500 1757.577286281  1.140289865
 0.031853800 1757.524580560  1.140438894
 0.031890100 1757.472396065  1.140602783
 0.031926400 1757.328105120  1.140747329
 0.031962700 1757.286762226  1.140905473
 0.031999000 1757.167862476  1.141051132
 0.032035400 1757.102501172  1.141200457
 0.032071800 1756.979166901  1.141353976
 0.032108100 1756.899971189  1.141501735
 0.032144500 1756.861200991  1.141665594
 0.032180900 1756.712987868  1.141806793
 0.032217300 1756.677142656  1.141966438
 0.032253800 1756.601443957  1.142115287
 0.032290200 1756.514478985  1.142275055
 0.032326600 1756.384964397  1.142418226
 0.032363100 1756.381062840  1.142580579
 0.032399500 1756.285718972  1.142735894
 0.032436000 1756.151954207  1.142878781
 0.032472500 1756.110364572  1.143031000
 0.032509000 1756.060279394  1.143194820
 0.032545500 1755.911189551  1.143337808
 0.032582000 1755.888786752  1.143497227
 0.032618500 1755.752725870  1.143641553
 0.032655000 1755.674893327  1.143787712
 0.032691600 1755.551690872  1.143941217
 0.032728100 1755.465805212  1.144087393
 0.032764700 1755.417807020  1.144247984
 0.032801200 1755.269615229  1.144389240
 0.032837800 1755.226583262  1.144545583
 0.032874400 1755.126266138  1.144693487
 0.032911000 1755.049188858  1.144851109
 0.032947600 1754.919440354  1.144994265
 0.032984300 1754.899521100  1.145157185
 0.033020900 1754.815208850  1.145310321
 0.033057600 1754.694062800  1.145456415
 0.033094200 1754.632189507  1.145607590
 0.033130900 1754.575957306  1.145769826
 0.033167600 1754.447443115  1.145913840
 0.033204300 1754.412211854  1.146073607
 0.033241000 1754.300420189  1.146220816
 0.033277700 1754.218788899  1.146370738
 0.033314400 1754.094866942  1.146518899
 0.033351200 1754.021841805  1.146670132
 0.033387900 1753.963570215  1.146835101
 0.033424700 1753.802768834  1.146978345
 0.033461500 1753.768540806  1.147137785
 0.033498200 1753.677418014  1.147290423
 0.033535000 1753.570448307  1.147452381
 0.033571900 1753.471996461  1.147596586
 0.033608700 1753.450818603  1.147758489
 0.033645500 1753.367266547  1.147915454
 0.033682400 1753.254042291  1.148064294
 0.033719200 1753.214312509  1.148213018
 0.033756100 1753.128379872  1.148375419
 0.033793000 1753.018124253  1.148520974
 0.033829900 1753.007066522  1.148686549
 0.033866800 1752.891434924  1.148826921
 0.033903700 1752.786752947  1.148975832
 0.033940700 1752.710977305  1.149136062
 0.033977600 1752.648167241  1.149280406
 0.034014600 1752.581873854  1.149438477
 0.034051600 1752.481054250  1.149589344
 0.034088500 1752.395875640  1.149745798
 0.034125500 1752.345501672  1.149895894
 0.034162500 1752.240307228  1.150045373
 0.034199500 1752.168875723  1.150201535
 0.034236500 1752.059011978  1.150354633
 0.034273600 1752.039602725  1.150514949
 0.034310600 1751.935392399  1.150658851
 0.034347600 1751.840062835  1.150814272
 0.034384700 1751.759779302  1.150969767
 0.034421800 1751.708311716  1.151116957
 0.034458800 1751.624839440  1.151270738
 0.034495900 1751.506757715  1.151419988
 0.034533000 1751.369881151  1.151559145
 0.034570100 1751.357358768  1.151723289
 0.034607200 1751.234568529  1.151860163
 0.034644300 1751.197840805  1.152032031
 0.034681500 1751.054085509  1.152169399
 0.034718600 1751.052255649  1.152336969
 0.034755800 1750.924812139  1.152471969
 0.034792900 1750.889959188  1.152642126
 0.034830100 1750.733992217  1.152783478
 0.034867300 1750.747038223  1.152948733
 0.034904500 1750.638266985  1.153095624
 0.034941700 1750.577583367  1.153250597
 0.034978900 1750.446117926  1.153401718
 0.035016200 1750.452914193  1.153563681
 0.035053400 1750.322450011  1.153705820
 0.035090700 1750.319045263  1.153876917
 0.035127900 1750.152440270  1.154013024
 0.035165200 1750.101044944  1.154166038
 0.035202500 1750.024792100  1.154320839
 0.035239800 1749.947990658  1.154470955
 0.035277100 1749.848795514  1.154626455
 0.035314400 1749.768033421  1.154776571
 0.035351700 1749.745569708  1.154937195
 0.035389100 1749.656913567  1.155087577
 0.035426400 1749.561197802  1.155244823
 0.035463800 1749.499116366  1.155399706
 0.035501200 1749.451744207  1.155554009
 0.035538600 1749.392925869  1.155712308
 0.035576000 1749.268510557  1.155861602
 0.035613400 1749.206650089  1.156016344
 0.035650800 1749.174790682  1.156175689
 0.035688200 1749.084273701  1.156324070
 0.035725700 1748.998568690  1.156484804
 0.035763200 1748.909807120  1.156631237
 0.035800600 1748.824823210  1.156776395
 0.035838100 1748.788081181  1.156938790
 0.035875600 1748.632069572  1.157080739
 0.035913100 1748.613519898  1.157240331
 0.035950600 1748.536121892  1.157389463
 0.035988200 1748.475595122  1.157542851
 0.036025700 1748.350241068  1.157695392
 0.036063200 1748.289696417  1.157846892
 0.036100800 1748.233268279  1.158003015
 0.036138400 1748.167405112  1.158154641
 0.036175900 1748.069701995  1.158315449
 0.036213500 1747.976022781  1.158457082
 0.036251100 1747.923037277  1.158615043
 0.036288700 1747.865121181  1.158768048
 0.036326300 1747.738657726  1.158921040
 0.036363900 1747.702340615  1.159078464
 0.036401500 1747.613662524  1.159227110
 0.036439200 1747.523014343  1.159370159
 0.036476800 1747.431874166  1.159533024
 0.036514500 1747.326383657  1.159670965
 0.036552100 1747.299410821  1.159837544
 0.036589800 1747.198145211  1.159977137
 0.036627500 1747.128621528  1.160144834
 0.036665200 1747.018994532  1.160282727
 0.036702900 1747.004373202  1.160450758
 0.036740600 1746.913695674  1.160595326
 0.036778300 1746.838538915  1.160759752
 0.036816100 1746.778734975  1.160908355
 0.036853800 1746.724471630  1.161063461
 0.036891600 1746.643851958  1.161212956
 0.036929300 1746.573705446  1.161375539
 0.036967100 1746.471300472  1.161520104
 0.037004900 1746.457230699  1.161688240
 0.037042700 1746.342879161  1.161826275
 0.037080500 1746.255118482  1.161978641
 0.037118300 1746.181218476  1.162136702
 0.037156200 1746.098670515  1.162283515
 0.037194000 1746.061509855  1.162440854
 0.037231800 1745.950557177  1.162590234
 0.037269700 1745.900599006  1.162751239
 0.037307600 1745.778639494  1.162901023
 0.037345500 1745.775661389  1.163059208
 0.037383400 1745.700648776  1.163212730
 0.037421300 1745.637544624  1.163370583
 0.037459200 1745.545021795  1.163528323
 0.037497100 1745.517184938  1.163680252
 0.037535000 1745.417017140  1.163830896
 0.037573000 1745.369935989  1.163993731
 0.037611000 1745.239360584  1.164140013
 0.037648900 1745.249187883  1.164303392
 0.037686900 1745.128837292  1.164447318
 0.037724900 1745.044453770  1.164595445
 0.037762900 1744.967877243  1.164755704
 0.037800900 1744.911639860  1.164901954
 0.037839000 1744.835569388  1.165056348
 0.037877000 1744.737585127  1.165207405
 0.037915100 1744.648030935  1.165361860
 0.037953100 1744.620876710  1.165513270
 0.037991200 1744.536409709  1.165663868
 0.038029300 1744.447424583  1.165818840
 0.038067400 1744.353354609  1.165971409
 0.038105500 1744.335946889  1.166131679
 0.038143600 1744.231393521  1.166275587
 0.038181700 1744.151785469  1.166434022
 0.038219800 1744.071209943  1.166589536
 0.038257900 1744.033655189  1.166739841
 0.038296100 1743.970859307  1.166894726
 0.038334200 1743.868069613  1.167047022
 0.038372400 1743.731244099  1.167186194
 0.038410600 1743.727060167  1.167351827
 0.038448700 1743.597693424  1.167487149
 0.038486900 1743.558679941  1.167657302
 0.038525100 1743.421100028  1.167796261
 0.038563300 1743.439493528  1.167963078
 0.038601500 1743.326250035  1.168103055
 0.038639800 1743.294417758  1.168273098
 0.038678000 1743.161222181  1.168415433
 0.038716200 1743.162561704  1.168579267
 0.038754500 1743.072965093  1.168729128
 0.038792700 1743.019977862  1.168885663
 0.038831000 1742.884436355  1.169035124
 0.038869300 1742.892261750  1.169197073
 0.038907600 1742.790058261  1.169341797
 0.038945900 1742.782696562  1.169511267
 0.038984200 1742.601509793  1.169647889
 0.039022500 1742.561660649  1.169798717
 0.039060800 1742.507979317  1.169954496
 0.039099200 1742.432589751  1.170104603
 0.039137500 1742.329611521  1.170263921
 0.039175900 1742.272960318  1.170414942
 0.039214200 1742.246824371  1.170573765
 0.039252600 1742.158096095  1.170724280
 0.039291000 1742.074459081  1.170884835
 0.039329400 1742.025036434  1.171037388
 0.039367800 1741.986212349  1.171193035
 0.039406200 1741.926766250  1.171351513
 0.039444700 1741.808608692  1.171502523
 0.039483100 1741.765067833  1.171656534
 0.039521600 1741.713161396  1.171814748
 0.039560000 1741.644802107  1.171964193
 0.039598500 1741.556394556  1.172123198
 0.039637000 1741.472094759  1.172271399
 0.039675500 1741.392706440  1.172414625
 0.039714000 1741.356954696  1.172578878
 0.039752500 1741.194838607  1.172722768
 0.039791000 1741.165871757  1.172882727
 0.039829600 1741.065157952  1.173034336
 0.039868100 1740.990434742  1.173184530
 0.039906700 1740.940485571  1.173340090
 0.039945300 1740.864038147  1.173495752
 0.039983900 1740.807336881  1.173649915
 0.040022500 1740.708732874  1.173797233
 0.040061100 1740.684277245  1.173961163
 0.040099700 1740.588860378  1.174110043
 0.040138300 1740.513632592  1.174264981
 0.040176900 1740.451304416  1.174416282
 0.040215600 1740.384548377  1.174569234
 0.040254200 1740.319921742  1.174725893
 0.040292900 1740.230368906  1.174877956
 0.040331500 1740.125914800  1.175016038
 0.040370200 1740.090804998  1.175178945
 0.040408900 1739.955682612  1.175319819
 0.040447600 1739.936088275  1.175487667
 0.040486300 1739.829187986  1.175623836
 0.040525000 1739.812527884  1.175791597
 0.040563700 1739.670311470  1.175930825
 0.040602400 1739.644374544  1.176097136
 0.040641100 1739.566869876  1.176241301
 0.040679900 1739.497752862  1.176405346
 0.040718600 1739.419076769  1.176551419
 0.040757400 1739.375990670  1.176711056
 0.040796200 1739.309167797  1.176860324
 0.040834900 1739.235225128  1.177022955
 0.040873700 1739.139332414  1.177164014
 0.040912500 1739.120509368  1.177335490
 0.040951300 1739.035002139  1.177474595
 0.040990100 1738.922054463  1.177625906
 0.041028900 1738.875638433  1.177776101
 0.041067800 1738.784316005  1.177926596
 0.041106600 1738.754036050  1.178087354
 0.041145500 1738.631675911  1.178235243
 0.041184300 1738.608610824  1.178392083
 0.041223200 1738.503265697  1.178541214
 0.041262100 1738.503308760  1.178704376
 0.041300900 1738.375234163  1.178854367
 0.041339800 1738.385893666  1.179015488
 0.041378700 1738.271988258  1.179168411
 0.041417700 1738.254427389  1.179321613
 0.041456600 1738.119384786  1.179473353
 0.041495500 1738.124125510  1.179632904
 0.041534500 1737.988604347  1.179779265
 0.041573400 1738.002203512  1.179942438
 0.041612400 1737.847977279  1.180087284
 0.041651300 1737.813873543  1.180232302
 0.041690300 1737.712400409  1.180391333
 0.041729300 1737.670335421  1.180540822
 0.041768300 1737.577550686  1.180695332
 0.041807300 1737.538731409  1.180846756
 0.041846400 1737.446642747  1.181001310
 0.041885400 1737.423615515  1.181157804
 0.041924500 1737.299887275  1.181307903
 0.041963500 1737.295933311  1.181465610
 0.042002600 1737.169047402  1.181613901
 0.042041700 1737.166073860  1.181777025
 0.042080800 1737.038693732  1.181919882
 0.042119900 1737.020398442  1.182080004
 0.042159000 1736.903116740  1.182229683
 0.042198100 1736.883488244  1.182384541
 0.042237200 1736.783924532  1.182538868
 0.042276400 1736.726734474  1.182689736
 0.042315500 1736.596473502  1.182828777
 0.042354700 1736.591031953  1.182994208
 0.042393900 1736.438328325  1.183132154
 0.042433000 1736.448621729  1.183298821
 0.042472200 1736.307814478  1.183438141
 0.042511400 1736.322740313  1.183604691
 0.042550600 1736.172138715  1.183742467
 0.042589800 1736.159946305  1.183909861
 0.042629000 1736.036875048  1.184052306
 0.042668300 1736.023128218  1.184214373
 0.042707500 1735.923631338  1.184363018
 0.042746700 1735.892411776  1.184520456
 0.042786000 1735.786477236  1.184667486
 0.042825200 1735.757091387  1.184830279
 0.042864500 1735.645976928  1.184970145
 0.042903800 1735.649209475  1.185142657
 0.042943000 1735.514047136  1.185276292
 0.042982300 1735.456308851  1.185430977
 0.043021600 1735.367830274  1.185582834
 0.043060900 1735.314525771  1.185733731
 0.043100200 1735.237344788  1.185888830
 0.043139600 1735.184559164  1.186039771
 0.043178900 1735.105098958  1.186195041
 0.043218200 1735.053751968  1.186345828
 0.043257600 1734.979837782  1.186502715
 0.043296900 1734.924680701  1.186657263
 0.043336300 1734.850738523  1.186808593
 0.043375700 1734.810714160  1.186968076
 0.043415000 1734.728999391  1.187118127
 0.043454400 1734.674671309  1.187272451
 0.043493800 1734.605423095  1.187431164
 0.043533200 1734.550266137  1.187579960
 0.043572700 1734.503359836  1.187739688
 0.043612100 1734.426572450  1.187887364
 0.043651500 1734.304195664  1.188032042
 0.043691000 1734.291583882  1.188191426
 0.043730400 1734.183861132  1.188341413
 0.043769900 1734.156408133  1.188495436
 0.043809300 1734.058223373  1.188647148
 0.043848800 1734.009247101  1.188798402
 0.043888300 1733.939114275  1.188954728
 0.043927800 1733.869356551  1.189104745
 0.043967300 1733.825160558  1.189262083
 0.044006800 1733.746403083  1.189415871
 0.044046400 1733.707014618  1.189574872
 0.044085900 1733.615653840  1.189718279
 0.044125500 1733.568920664  1.189875817
 0.044165000 1733.492465101  1.190029441
 0.044204600 1733.421994410  1.190180682
 0.044244200 1733.356870968  1.190335623
 0.044283800 1733.278882687  1.190485454
 0.044323400 1733.176284859  1.190625281
 0.044363000 1733.150144227  1.190789601
 0.044402600 1733.029094110  1.190928290
 0.044442300 1732.999890387  1.191092814
 0.044481900 1732.893803190  1.191230841
 0.044521600 1732.885333200  1.191398166
 0.044561200 1732.764723168  1.191538557
 0.044600900 1732.731019569  1.191701454
 0.044640600 1732.618993248  1.191843353
 0.044680300 1732.573748276  1.192006554
 0.044720000 1732.521877227  1.192155361
 0.044759700 1732.423352631  1.192309727
 0.044799400 1732.354137460  1.192453585
 0.044839100 1732.314827174  1.192618615
 0.044878900 1732.245617676  1.192762475
 0.044918600 1732.186968394  1.192928101
 0.044958300 1732.083348835  1.193062346
 0.044998100 1732.021017207  1.193215478
 0.045037900 1731.974009793  1.193371309
 0.045077600 1731.864912405  1.193516937
 0.045117400 1731.834482014  1.193677551
 0.045157200 1731.728949828  1.193823219
 0.045197000 1731.668683114  1.193972455
 0.045236800 1731.555151822  1.194127622
 0.045276600 1731.494117147  1.194284175
 0.045316400 1731.395103513  1.194442068
 0.045356200 1731.347053654  1.194600964
 0.045396000 1731.233824591  1.194758711
 0.045435900 1731.202404531  1.194921489
 0.045475700 1731.070668304  1.195062048
 0.045515500 1731.021385117  1.195209193
 0.045555400 1730.915403229  1.195361605
 0.045595300 1730.862020548  1.195511157
 0.045635100 1730.788133243  1.195664488
 0.045675000 1730.740320011  1.195816273
 0.045714900 1730.654677146  1.195974480
 0.045754800 1730.622605403  1.196129388
 0.045794700 1730.556410291  1.196283160
 0.045834600 1730.499690528  1.196431412
 0.045874600 1730.437587638  1.196591991
 0.045914500 1730.385159358  1.196731325
 0.045954400 1730.258582212  1.196881739
 0.045994400 1730.253850298  1.197035001
 0.046034400 1730.176606182  1.197189471
 0.046074300 1730.124259042  1.197346645
 0.046114300 1730.075560829  1.197496908
 0.046154300 1730.037626906  1.197660697
 0.046194300 1729.919316445  1.197807185
 0.046234300 1729.941913510  1.197961546
 0.046274300 1729.790763562  1.198104207
 0.046314300 1729.726404751  1.198252593
 0.046354400 1729.658396273  1.198402595
 0.046394400 1729.621753012  1.198561098
 0.046434400 1729.517214072  1.198711068
 0.046474500 1729.464129798  1.198868237
 0.046514600 1729.419925789  1.199020126
 0.046554700 1729.404910490  1.199184736
 0.046594700 1729.253853639  1.199321162
 0.046634800 1729.221244149  1.199470980
 0.046675000 1729.117706345  1.199615378
 0.046715100 1729.048991929  1.199768897
 0.046755200 1729.004611838  1.199927557
 0.046795400 1728.942559008  1.200077969
 0.046835500 1728.845499556  1.200229490
 0.046875700 1728.801708999  1.200384499
 0.046915900 1728.749751759  1.200538219
 0.046956000 1728.673478443  1.200683139
 0.046996200 1728.611954484  1.200847699
 0.047036400 1728.535758234  1.200982510
 0.047076700 1728.435136170  1.201130277
 0.047116900 1728.382189877  1.201283158
 0.047157100 1728.308798022  1.201435916
 0.047197300 1728.270401322  1.201590972
 0.047237600 1728.161757955  1.201739273
 0.047277800 1728.126135068  1.201901068
 0.047318100 1728.052342831  1.202042768
 0.047358300 1728.005848255  1.202199508
 0.047398600 1727.886031095  1.202346130
 0.047438900 1727.856246958  1.202493742
 0.047479100 1727.776618313  1.202645706
 0.047519400 1727.721587130  1.202804718
 0.047559700 1727.649054731  1.202955479
 0.047600000 1727.627389682  1.203111900
 0.047640300 1727.515328714  1.203263818
 0.047680600 1727.511710889  1.203429865
 0.047721000 1727.402407082  1.203561894
 0.047761300 1727.354808899  1.203713333
 0.047801600 1727.220390232  1.203860566
 0.047842000 1727.206237224  1.204012643
 0.047882300 1727.129374129  1.204170377
 0.047922700 1727.067815148  1.204322404
 0.047963100 1726.976666708  1.204477275
 0.048003400 1726.974495036  1.204629478
 0.048043800 1726.880692270  1.204786144
 0.048084200 1726.793248861  1.204927756
 0.048124600 1726.778810273  1.205087491
 0.048165000 1726.689780384  1.205227739
 0.048205400 1726.561507137  1.205376402
 0.048245800 1726.546204282  1.205528307
 0.048286300 1726.475897468  1.205682598
 0.048326700 1726.437214325  1.205841085
 0.048367100 1726.319575523  1.205993209
 0.048407600 1726.338747342  1.206151897
 0.048448100 1726.222199320  1.206296388
 0.048488500 1726.174675863  1.206453346
 0.048529000 1726.046121843  1.206593734
 0.048569500 1725.989521936  1.206747314
 0.048610000 1725.825459679  1.206898342
 0.048650500 1725.827742136  1.207055366
 0.048691000 1725.690223756  1.207206509
 0.048731500 1725.684156542  1.207365655
 0.048772000 1725.532159099  1.207511996
 0.048812600 1725.585492759  1.207677836
 0.048853100 1725.418795162  1.207813561
 0.048893700 1725.404710343  1.207962247
 0.048934300 1725.263027113  1.208106309
 0.048974800 1725.252119816  1.208257979
 0.049015400 1725.153906450  1.208416505
 0.049056000 1725.134868844  1.208565319
 0.049096600 1724.979487094  1.208717017
 0.049137200 1725.009921364  1.208876849
 0.049177800 1724.883114742  1.209023890
 0.049218500 1724.878611686  1.209171820
 0.049259100 1724.773204907  1.209330911
 0.049299800 1724.724816934  1.209468128
 0.049340400 1724.590162872  1.209611782
 0.049381100 1724.578034949  1.209763362
 0.049421800 1724.470240928  1.209915365
 0.049462500 1724.456419865  1.210074663
 0.049503200 1724.291937127  1.210217936
 0.049543900 1724.352974448  1.210385494
 0.049584700 1724.224113269  1.210528595
 0.049625400 1724.250433120  1.210667973
 0.049666100 1724.198981319  1.210821174
 0.049706900 1724.258911949  1.210972690
 0.049747600 1724.148296024  1.211118042
 0.049788400 1724.130455368  1.211261442
 0.049829100 1723.990038141  1.211403265
 0.049869900 1723.970512484  1.211558763
 0.049910700 1723.857162579  1.211717392
 0.049951500 1723.854929255  1.211884238
 0.049992200 1723.673067870  1.212026829
 0.050033000 1723.637957078  1.212174871
 0.050073800 1723.571184394  1.212338662
 0.050114600 1723.554178164  1.212488660
 0.050155500 1723.529841649  1.212647941
 0.050196300 1723.429785319  1.212782938
 0.050237100 1723.352209010  1.212929984
 0.050277900 1723.361834700  1.213089590
 0.050318800 1723.316598972  1.213235842
 0.050359600 1723.203437603  1.213380424
 0.050400500 1723.142027703  1.213544355
 0.050441300 1723.020244397  1.213686298
 0.050482200 1723.001623943  1.213841288
 0.050523100 1722.908784951  1.213988453
 0.050564000 1722.869638908  1.214136934
 0.050604900 1722.812649226  1.214297581
 0.050645800 1722.762524710  1.214444133
 0.050686700 1722.743728542  1.214593321
 0.050727600 1722.677317518  1.214745556
 0.050768500 1722.639076310  1.214901419
 0.050809400 1722.512977966  1.215036341
 0.050850400 1722.457233447  1.215192759
 0.050891300 1722.372466559  1.215339200
 0.050932200 1722.308872999  1.215496761
 0.050973200 1722.199072510  1.215642394
 0.051014200 1722.187308347  1.215801713
 0.051055100 1722.077953247  1.215952256
 0.051096100 1722.047301021  1.216094736
 0.051137100 1721.959061660  1.216240451
 0.051178100 1721.949897075  1.216401929
 0.051219100 1721.865793462  1.216556447
 0.051260100 1721.806997070  1.216697750
 0.051301100 1721.722812319  1.216839112
 0.051342200 1721.667793958  1.216987642
 0.051383200 1721.608646759  1.217151804
 0.051424300 1721.539205935  1.217296616
 0.051465300 1721.469336617  1.217446959
 0.051506400 1721.375252090  1.217589852
 0.051547400 1721.338186994  1.217750018
 0.051588500 1721.231977109  1.217900279
 0.051629600 1721.192671507  1.218055129
 0.051670700 1721.117987878  1.218206402
 0.051711800 1721.057959639  1.218344201
 0.051752900 1720.984165061  1.218496845
 0.051794100 1720.896437181  1.218645861
 0.051835200 1720.788853521  1.218788963
 0.051876400 1720.735940150  1.218935084
 0.051917500 1720.690447942  1.219084929
 0.051958700 1720.655810041  1.219254739
 0.051999900 1720.513463538  1.219400090
 0.052041100 1720.413374162  1.219535891
 0.052082300 1720.379261796  1.219692513
 0.052123500 1720.367001937  1.219861567
 0.052164700 1720.321846481  1.220000359
 0.052205900 1720.232095981  1.220140200
 0.052247200 1720.167578594  1.220281720
 0.052288400 1720.117792807  1.220437581
 0.052329700 1720.118376944  1.220593362
 0.052370900 1720.021990258  1.220733874
 0.052412200 1719.979335984  1.220894243
 0.052453400 1719.846627598  1.221039719
 0.052494700 1719.803713882  1.221189529
 0.052536000 1719.723822467  1.221338721
 0.052577300 1719.711131646  1.221501901
 0.052618500 1719.601143234  1.221642187
 0.052659800 1719.580510888  1.221791009
 0.052701100 1719.535643358  1.221941641
 0.052742400 1719.519413476  1.222102957
 0.052783800 1719.415694655  1.222240686
 0.052825100 1719.390770702  1.222397153
 0.052866400 1719.335479956  1.222553700
 0.052907700 1719.234064897  1.222696305
 0.052949100 1719.146544051  1.222839524
 0.052990400 1719.013682639  1.222983888
 0.053031800 1718.953963291  1.223146158
 0.053073100 1718.866711256  1.223293627
 0.053114500 1718.815579934  1.223457457
 0.053155900 1718.686861915  1.223602889
 0.053197200 1718.601853714  1.223747887
 0.053238600 1718.514906250  1.223894017
 0.053280000 1718.428935632  1.224043783
 0.053321400 1718.367537938  1.224197892
 0.053362800 1718.333049361  1.224361076
 0.053404200 1718.256825615  1.224507130
 0.053445600 1718.113771077  1.224641387
 0.053487100 1718.041082076  1.224786911
 0.053528500 1718.005678553  1.224941387
 0.053569900 1717.951199296  1.225094955
 0.053611400 1717.946115462  1.225252597
 0.053652800 1717.852022797  1.225398135
 0.053694300 1717.744017177  1.225536944
 0.053735800 1717.682306403  1.225684195
 0.053777200 1717.593820550  1.225833556
 0.053818700 1717.533309193  1.225989137
 0.053860200 1717.451989134  1.226145561
 0.053901700 1717.356119603  1.226294059
 0.053943200 1717.229020246  1.226428800
 0.053984700 1717.205072642  1.226574446
 0.054026200 1717.109524329  1.226729499
 0.054067800 1717.091600072  1.226883464
 0.054109300 1716.976040119  1.227037346
 0.054150900 1716.941203810  1.227182615
 0.054192400 1716.817412557  1.227316967
 0.054234000 1716.769649634  1.227463473
 0.054275500 1716.673637683  1.227614933
 0.054317100 1716.643900034  1.227769329
 0.054358700 1716.571062079  1.227925298
 0.054400300 1716.507472216  1.228069523
 0.054441900 1716.408253024  1.228208676
 0.054483500 1716.343162503  1.228352172
 0.054525200 1716.279889912  1.228504377
 0.054566800 1716.240764709  1.228657191
 0.054608400 1716.141859832  1.228815929
 0.054650100 1716.108429110  1.228957166
 0.054691800 1716.002807894  1.229094867
 0.054733400 1715.961301245  1.229246550
 0.054775100 1715.884638895  1.229399148
 0.054816800 1715.827047346  1.229550922
 0.054858500 1715.765768398  1.229708271
 0.054900300 1715.697019578  1.229850938
 0.054942000 1715.621168468  1.229990988
 0.054983700 1715.532254983  1.230140737
 0.055025400 1715.518565736  1.230292997
 0.055067200 1715.416430560  1.230442627
 0.055108900 1715.412473391  1.230607051
 0.055150700 1715.255766201  1.230739998
 0.055192400 1715.240468030  1.230881724
 0.055234200 1715.122611467  1.231034295
 0.055276000 1715.118903378  1.231184333
 0.055317800 1715.027691681  1.231337303
 0.055359500 1715.018259271  1.231500028
 0.055401300 1714.859537353  1.231635002
 0.055443100 1714.846608297  1.231774699
 0.055484900 1714.744415043  1.231926705
 0.055526700 1714.730697435  1.232078956
 0.055568500 1714.634383256  1.232230179
 0.055610300 1714.640605772  1.232392439
 0.055652200 1714.476806774  1.232525572
 0.055694000 1714.452560025  1.232667672
 0.055735800 1714.351035840  1.232819663
 0.055777700 1714.347470912  1.232969691
 0.055819500 1714.234718186  1.233121617
 0.055861400 1714.235619965  1.233282171
 0.055903200 1714.082736060  1.233418742
 0.055945100 1714.064129168  1.233556835
 0.055986900 1713.940709567  1.233707785
 0.056028800 1713.942843807  1.233859473
 0.056070700 1713.819156259  1.234008056
 0.056112600 1713.819872459  1.234168710
 0.056154500 1713.669135099  1.234303241
 0.056196400 1713.648147747  1.234443360
 0.056238300 1713.525088206  1.234594310
 0.056280200 1713.515690936  1.234742741
 0.056322100 1713.420153597  1.234893980
 0.056364100 1713.420189385  1.235054645
 0.056406000 1713.251425271  1.235191772
 0.056447900 1713.232807034  1.235329862
 0.056489900 1713.125422148  1.235480250
 0.056531800 1713.100348867  1.235629294
 0.056573800 1712.998500013  1.235778903
 0.056615800 1712.999221885  1.235939559
 0.056657700 1712.851743922  1.236072108
 0.056699700 1712.821830681  1.236212608
 0.056741700 1712.699029100  1.236363529
 0.056783700 1712.695961719  1.236513544
 0.056825700 1712.588147351  1.236661621
 0.056867700 1712.594644843  1.236823857
 0.056909800 1712.414525057  1.236957777
 0.056951800 1712.395746643  1.237095873
 0.056993800 1712.288516261  1.237246253
 0.057035900 1712.279782388  1.237394668
 0.057077900 1712.162538171  1.237544867
 0.057120000 1712.162464831  1.237705553
 0.057162100 1711.999690892  1.237838823
 0.057204100 1711.979893338  1.237976987
 0.057246200 1711.867454307  1.238125743
 0.057288300 1711.853583550  1.238277951
 0.057330400 1711.746684866  1.238425982
 0.057372500 1711.753044870  1.238588229
 0.057414700 1711.599339118  1.238719224
 0.057456800 1711.569872375  1.238859697
 0.057498900 1711.457599192  1.239008450
 0.057541100 1711.443728436  1.239160658
 0.057583300 1711.337138762  1.239308673
 0.057625400 1711.342771619  1.239470970
 0.057667600 1711.174468676  1.239602628
 0.057709800 1711.160337614  1.239742392
 0.057752000 1711.053273082  1.239892768
 0.057794200 1711.040180521  1.240044941
 0.057836400 1710.932675163  1.240193004
 0.057878700 1710.939355520  1.240355240
