 0.000000005 385879.682394506 123.328105200
 0.000000022 66142.683941004 18.907774256
 0.000000079 30719.001863733  7.671134943
 0.000000274 19977.186431496  4.887073270
 0.000000933 13551.404505653  3.586502428
 0.000003158 9312.667823653  2.716130819
 0.000006790 7425.877219029  2.302516374
 0.000010488 6398.750753383  2.052222376
 0.000014252 5697.973462471  1.874974401
 0.000018081 5194.683867861  1.745403878
 0.000021977 4853.198777485  1.659355313
 0.000025939 4579.646868879  1.590294817
 0.000029967 4374.987067069  1.539285194
 0.000034063 4215.708904082  1.500452737
 0.000038226 4087.277649224  1.469952330
 0.000042458 3979.391987627  1.444556375
 0.000046759 3891.764981313  1.424554605
 0.000051130 3812.316092966  1.406304847
 0.000055570 3742.267040609  1.390327013
 0.000060081 3679.718910192  1.376174935
 0.000064664 3622.210826646  1.363118089
 0.000069321 3567.760824116  1.350554118
 0.000074054 3518.394561418  1.339305992
 0.000078865 3472.398527891  1.328818479
 0.000083756 3431.032541898  1.319542004
 0.000088730 3390.454906213  1.310250810
 0.000093791 3352.727094676  1.301697633
 0.000098943 3317.692917215  1.293815695
 0.000104188 3283.930211606  1.286185741
 0.000109532 3253.980281031  1.279626208
 0.000114978 3219.680267556  1.271527007
 0.000120532 3196.013477437  1.266817436
 0.000126199 3171.888754713  1.261677949
 0.000131984 3133.592307067  1.252037935
 0.000137896 3108.694108144  1.246611746
 0.000143942 3083.021534136  1.240802665
 0.000150119 3062.626386682  1.236637223
 0.000156360 3035.981411561  1.230398496
 0.000162653 3013.873681423  1.225515972
 0.000168999 3003.077866116  1.224147428
 0.000175400 2969.479444457  1.215454162
 0.000181860 2947.746838862  1.210374681
 0.000188381 2926.368628128  1.205238505
 0.000194966 2917.970596650  1.203995752
 0.000201618 2886.324193355  1.195410917
 0.000208341 2871.630591362  1.192409452
 0.000215139 2845.885549211  1.185845530
 0.000222016 2824.885774262  1.180939492
 0.000228975 2809.250699296  1.177659144
 0.000236020 2788.974269336  1.172843823
 0.000243155 2775.764734349  1.170258031
 0.000250386 2755.821577816  1.165456985
 0.000257718 2736.588850223  1.160809267
 0.000265158 2717.047081578  1.156021527
 0.000272711 2697.128995446  1.151090358
 0.000280383 2678.404736001  1.146500270
 0.000288134 2659.502349970  1.141832741
 0.000295937 2641.033047128  1.137278970
 0.000303792 2622.884034804  1.132764286
 0.000311701 2605.076650843  1.128350302
 0.000319665 2587.565820012  1.123960667
 0.000327688 2570.613642178  1.119710169
 0.000335771 2554.125551955  1.115592289
 0.000343920 2537.972766149  1.111572458
 0.000352136 2522.239188135  1.107633950
 0.000360423 2502.008689170  1.102279371
 0.000368786 2483.093849599  1.097181116
 0.000377227 2469.572857413  1.093864430
 0.000385751 2455.884090708  1.090459273
 0.000394361 2442.199563805  1.087058177
 0.000403061 2429.490392308  1.083915546
 0.000411857 2421.515572592  1.082309362
 0.000420754 2406.233490297  1.078252985
 0.000429742 2394.325870687  1.075317549
 0.000438789 2385.685863726  1.073418993
 0.000447893 2373.066706413  1.070219962
 0.000457053 2367.090634450  1.069176350
 0.000466269 2355.331313829  1.066186201
 0.000475542 2344.165250320  1.063411369
 0.000484872 2338.608627519  1.062436315
 0.000494263 2326.124464636  1.059155087
 0.000503716 2317.547625841  1.057125212
 0.000513235 2308.972813916  1.055090013
 0.000522821 2300.700275191  1.053122183
 0.000532479 2292.830975433  1.051278051
 0.000542211 2284.426024632  1.049268596
 0.000552021 2278.368199736  1.047985761
 0.000561912 2269.105153138  1.045692904
 0.000571889 2264.491184687  1.044871059
 0.000581944 2254.867233101  1.042373674
 0.000592058 2247.112051967  1.040498346
 0.000602231 2241.646495945  1.039367911
 0.000612464 2233.202746847  1.037248359
 0.000622757 2226.329248562  1.035586327
 0.000633108 2219.109919451  1.033865114
 0.000643518 2212.189764858  1.032213103
 0.000653987 2204.386845330  1.030264333
 0.000664515 2197.227836927  1.028518911
 0.000675106 2190.230705127  1.026858403
 0.000685762 2182.831713623  1.024974275
 0.000696484 2178.219282051  1.024059884
 0.000707277 2171.217530590  1.022332887
 0.000718140 2161.758985293  1.019816781
 0.000729061 2154.727201365  1.018041661
 0.000740039 2150.328967456  1.017160193
 0.000751076 2141.490323752  1.014816102
 0.000762173 2134.750322366  1.013113172
 0.000773331 2128.102828984  1.011489844
 0.000784552 2124.156237417  1.010687462
 0.000795835 2116.845708364  1.008786239
 0.000807180 2109.810072083  1.006998409
 0.000818588 2105.986965712  1.006263676
 0.000830059 2098.146820366  1.004200440
 0.000841590 2092.532062859  1.002858296
 0.000853171 2087.263663101  1.001632346
 0.000864803 2081.601027594  1.000234439
 0.000876486 2077.125180925  0.999246974
 0.000888224 2070.662908929  0.997617682
 0.000900017 2066.882528134  0.996868212
 0.000911867 2060.082537152  0.995082253
 0.000923778 2054.357470546  0.993669622
 0.000935750 2050.178143290  0.992767752
 0.000947785 2043.733048530  0.991126236
 0.000959885 2040.249852193  0.990441017
 0.000972050 2033.330967529  0.988628432
 0.000984267 2027.861842129  0.987322066
 0.000996531 2023.501423836  0.986339053
 0.001008840 2017.578441349  0.984828094
 0.001021200 2013.897560855  0.984077053
 0.001033610 2007.116581342  0.982306030
 0.001046080 2001.904875719  0.981021791
 0.001058590 1996.829167569  0.979824752
 0.001071160 1991.549431657  0.978533721
 0.001083790 1987.295977892  0.977583370
 0.001096480 1981.576697800  0.976151243
 0.001109230 1977.984170438  0.975421953
 0.001122040 1972.135539017  0.973937057
 0.001134920 1967.068125054  0.972731863
 0.001147840 1963.318310151  0.971919103
 0.001160810 1957.846987259  0.970558316
 0.001173830 1954.628210663  0.969939185
 0.001186890 1948.886654308  0.968499598
 0.001200000 1944.546823681  0.967490017
 0.001213160 1940.194205246  0.966486424
 0.001226370 1937.296600895  0.965963394
 0.001239640 1932.781588293  0.964903197
 0.001252950 1928.229627100  0.963826091
 0.001266320 1924.006159777  0.962877934
 0.001279750 1920.036804631  0.961981974
 0.001293240 1916.046097059  0.961130292
 0.001306790 1913.465676558  0.960668000
 0.001320400 1909.169141867  0.959664966
 0.001334060 1904.954760945  0.958720770
 0.001347750 1901.279395618  0.957897780
 0.001361490 1897.767943716  0.957165949
 0.001375270 1894.328817453  0.956428076
 0.001389100 1891.919630968  0.956064626
 0.001402980 1888.143063343  0.955230969
 0.001416910 1884.366082550  0.954383984
 0.001430880 1880.855415109  0.953619688
 0.001444910 1877.563785045  0.952979460
 0.001458990 1875.339102602  0.952614520
 0.001473130 1871.120494603  0.951660397
 0.001487330 1867.904431044  0.950963810
 0.001501580 1865.220296083  0.950500664
 0.001515890 1861.602645102  0.949676618
 0.001530240 1859.369564906  0.949348742
 0.001544640 1855.306707211  0.948404124
 0.001559070 1852.147444181  0.947750061
 0.001573550 1849.217790377  0.947199984
 0.001588070 1845.845927510  0.946477951
 0.001602640 1843.319382606  0.946017996
 0.001617250 1839.792438854  0.945250934
 0.001631920 1837.557914362  0.944899513
 0.001646630 1833.597547592  0.943964066
 0.001661400 1831.469414113  0.943652210
 0.001676220 1827.596888218  0.942758862
 0.001691100 1825.058631607  0.942286823
 0.001706040 1821.466525404  0.941500598
 0.001721020 1819.092883210  0.941115181
 0.001736040 1815.622597674  0.940346601
 0.001751110 1813.282061577  0.939945045
 0.001766210 1809.974783554  0.939233559
 0.001781360 1807.205645387  0.938725291
 0.001796550 1804.291353267  0.938107474
 0.001811780 1801.459619197  0.937561063
 0.001827060 1799.298002514  0.937224364
 0.001842390 1795.849349267  0.936449550
 0.001857770 1793.747871242  0.936157048
 0.001873210 1790.259445586  0.935382069
 0.001888690 1788.012227621  0.934977444
 0.001904230 1784.937698380  0.934337263
 0.001919820 1782.650443613  0.933960458
 0.001935450 1779.605773692  0.933323708
 0.001951120 1777.247467769  0.932905414
 0.001966830 1774.488609071  0.932369821
 0.001982580 1772.090940708  0.931945220
 0.001998370 1770.011684369  0.931605529
 0.002014210 1766.951598695  0.930988670
 0.002030090 1765.217539921  0.930747940
 0.002046010 1762.145280459  0.930084149
 0.002061990 1760.076577833  0.929769705
 0.002078010 1757.276651271  0.929210043
 0.002094080 1755.363828242  0.928922698
 0.002110210 1752.682827899  0.928412513
 0.002126380 1750.488059656  0.928037074
 0.002142610 1748.013868095  0.927563323
 0.002158870 1745.694908154  0.927182774
 0.002175160 1743.906075236  0.926923488
 0.002191500 1741.088074794  0.926344954
 0.002207880 1739.402305743  0.926122808
 0.002224290 1736.657954434  0.925581615
 0.002240750 1734.829790688  0.925319694
 0.002257250 1732.309597802  0.924817065
 0.002273800 1730.527329521  0.924614035
 0.002290390 1728.140968303  0.924130712
 0.002307030 1726.148026173  0.923820997
 0.002323720 1723.923072502  0.923434115
 0.002340460 1721.930586532  0.923103975
 0.002357250 1720.307823549  0.922927196
 0.002374090 1717.734488678  0.922410439
 0.002390960 1716.262213835  0.922249581
 0.002407870 1713.624211875  0.921751251
 0.002424820 1711.982973664  0.921515832
 0.002441800 1709.728160748  0.921108373
 0.002458830 1707.995572881  0.920871727
 0.002475890 1705.754381185  0.920457507
 0.002493000 1703.874696241  0.920159904
 0.002510150 1701.805411429  0.919813129
 0.002527340 1699.905291727  0.919521163
 0.002544580 1698.461258882  0.919363497
 0.002561870 1696.099984947  0.918931388
 0.002579210 1694.663209893  0.918773481
 0.002596590 1692.343733613  0.918334353
 0.002614030 1690.858097821  0.918151107
 0.002631500 1688.735259028  0.917793674
 0.002649000 1687.209725136  0.917599993
 0.002666550 1685.108405447  0.917258665
 0.002684130 1683.494067588  0.917016817
 0.002701740 1681.585636551  0.916718354
 0.002719400 1679.991739521  0.916491852
 0.002737100 1678.532197528  0.916318594
 0.002754840 1676.358444238  0.915939857
 0.002772620 1674.999633253  0.915798675
 0.002790440 1672.844274586  0.915395559
 0.002808310 1671.237096033  0.915225854
 0.002826220 1669.408532292  0.914892315
 0.002844190 1667.966617321  0.914734006
 0.002862200 1666.083925800  0.914426410
 0.002880250 1664.516541684  0.914226655
 0.002898340 1662.781137689  0.913954623
 0.002916460 1661.101807566  0.913729410
 0.002934620 1659.890450905  0.913626753
 0.002952820 1657.921888010  0.913273402
 0.002971050 1656.593546754  0.913176302
 0.002989320 1654.782916947  0.912849791
 0.003007640 1653.350653583  0.912690396
 0.003025990 1651.522054560  0.912387533
 0.003044380 1650.156135536  0.912253848
 0.003062820 1648.443069967  0.911972849
 0.003081300 1646.951915892  0.911811976
 0.003099820 1645.428152437  0.911585049
 0.003118400 1643.920284311  0.911404296
 0.003137020 1642.744716034  0.911302708
 0.003155670 1640.849487843  0.910973576
 0.003174360 1639.665861436  0.910888300
 0.003193080 1637.789792183  0.910556542
 0.003211840 1636.440658887  0.910426895
 0.003230640 1634.819806292  0.910178266
 0.003249470 1633.574190358  0.910051268
 0.003268340 1631.971875024  0.909840261
 0.003287250 1630.619745087  0.909700625
 0.003306200 1629.105445726  0.909508294
 0.003325190 1627.689763411  0.909324914
 0.003344220 1626.557471878  0.909251430
 0.003363300 1624.901520604  0.908978593
 0.003382420 1623.750105917  0.908896820
 0.003401580 1621.999293331  0.908624631
 0.003420790 1620.803589590  0.908518259
 0.003440030 1619.188148570  0.908278433
 0.003459310 1617.997429481  0.908185722
 0.003478620 1616.459439031  0.907970357
 0.003497960 1615.221453788  0.907838066
 0.003517340 1613.749769759  0.907650666
 0.003536760 1612.468551864  0.907527947
 0.003556210 1611.478933391  0.907460039
 0.003575700 1609.924537296  0.907214143
 0.003595230 1608.978462465  0.907170183
 0.003614800 1607.282105470  0.906902264
 0.003634420 1606.161946650  0.906818218
 0.003654070 1604.680067130  0.906637015
 0.003673770 1603.511411466  0.906528796
 0.003693510 1602.102504756  0.906374715
 0.003713290 1601.009559045  0.906260806
 0.003733110 1599.733453452  0.906118430
 0.003752960 1598.632509684  0.906043401
 0.003772840 1597.603033090  0.905988609
 0.003792750 1596.138757896  0.905767599
 0.003812700 1595.145081257  0.905740267
 0.003832690 1593.767075697  0.905540849
 0.003852710 1592.670853428  0.905482591
 0.003872770 1591.319610949  0.905303492
 0.003892870 1590.243825339  0.905224720
 0.003913000 1588.852329716  0.905024608
 0.003933180 1587.777939284  0.904960415
 0.003953390 1586.644215298  0.904835550
 0.003973650 1585.467373527  0.904721515
 0.003993960 1584.694377922  0.904727833
 0.004014300 1583.144072366  0.904524422
 0.004034680 1582.397205297  0.904530568
 0.004055080 1581.013006232  0.904326799
 0.004075520 1580.043716411  0.904285649
 0.004096000 1578.815689384  0.904124999
 0.004116510 1577.868513903  0.904093931
 0.004137050 1576.651021386  0.903955557
 0.004157630 1575.584781976  0.903890775
 0.004178240 1574.422329190  0.903758374
 0.004198890 1573.421753821  0.903686591
 0.004219580 1572.548292834  0.903658420
 0.004240300 1571.246338349  0.903504800
 0.004261070 1570.492674089  0.903522845
 0.004281870 1569.205682916  0.903370108
 0.004302720 1568.322352780  0.903329236
 0.004323610 1567.148819481  0.903182574
 0.004344530 1566.222660979  0.903150883
 0.004365490 1565.089044328  0.903032156
 0.004386480 1564.096789530  0.902984192
 0.004407500 1563.073424121  0.902891937
 0.004428550 1562.035832266  0.902828214
 0.004449640 1561.304829827  0.902834028
 0.004470760 1560.041302449  0.902679376
 0.004491910 1559.375796989  0.902716493
 0.004513100 1558.032367010  0.902541053
 0.004534330 1557.194468910  0.902505626
 0.004555590 1556.099853562  0.902400527
 0.004576890 1555.219099612  0.902358812
 0.004598230 1554.150201512  0.902264217
 0.004619610 1553.266533771  0.902222247
 0.004641030 1552.261631424  0.902148061
 0.004662480 1551.330821211  0.902123159
 0.004683980 1550.593759937  0.902130071
 0.004705500 1549.511030283  0.902005612
 0.004727060 1548.797129498  0.902025854
 0.004748650 1547.682652005  0.901898915
 0.004770270 1546.861573195  0.901891016
 0.004791920 1545.866811006  0.901802014
 0.004813600 1544.971442137  0.901796841
 0.004835320 1544.009889634  0.901698883
 0.004857070 1543.126061653  0.901683129
 0.004878860 1542.206916365  0.901619965
 0.004900680 1541.291202407  0.901580589
 0.004922540 1540.626949888  0.901608584
 0.004944440 1539.468966785  0.901498916
 0.004966370 1538.873531717  0.901538435
 0.004988340 1537.695265892  0.901416030
 0.005010360 1536.987292375  0.901417288
 0.005032410 1536.027047060  0.901359859
 0.005054490 1535.276525514  0.901354522
 0.005076600 1534.283703921  0.901282428
 0.005098740 1533.545777144  0.901265286
 0.005120910 1532.589514560  0.901210090
 0.005143120 1531.870240262  0.901197945
 0.005165350 1531.169396309  0.901229664
 0.005187620 1530.136595417  0.901137868
 0.005209920 1529.501401287  0.901171183
 0.005232260 1528.509037549  0.901076340
 0.005254630 1527.723225206  0.901073118
 0.005277030 1526.871625253  0.901013274
 0.005299470 1526.111990027  0.901026402
 0.005321950 1525.241596639  0.900960643
 0.005344460 1524.491760614  0.900972676
 0.005367020 1523.678917412  0.900931321
 0.005389610 1522.961859520  0.900931292
 0.005412230 1522.304085737  0.900965009
 0.005434890 1521.400524023  0.900885554
 0.005457570 1520.731362207  0.900924671
 0.005480290 1519.789299719  0.900832100
 0.005503030 1519.084527283  0.900860790
 0.005525810 1518.307508490  0.900820168
 0.005548610 1517.577499737  0.900822122
 0.005571450 1516.789613821  0.900794218
 0.005594320 1516.056078468  0.900787870
 0.005617230 1515.287306904  0.900774878
 0.005640160 1514.566958315  0.900771507
 0.005663130 1514.014178518  0.900829337
 0.005686140 1513.083254242  0.900754357
 0.005709180 1512.568367048  0.900812261
 0.005732260 1511.612323913  0.900743014
 0.005755380 1511.029456724  0.900769441
 0.005778530 1510.131640527  0.900721273
 0.005801720 1509.561956113  0.900754105
 0.005824940 1508.664534575  0.900711936
 0.005848180 1508.092239582  0.900734847
 0.005871460 1507.271339676  0.900711256
 0.005894760 1506.679633419  0.900735955
 0.005918090 1506.126466026  0.900786277
 0.005941460 1505.283852775  0.900738323
 0.005964850 1504.753862515  0.900796866
 0.005988280 1503.894860135  0.900746166
 0.006011740 1503.284417403  0.900775430
 0.006035230 1502.540753199  0.900763619
 0.006058750 1501.915627131  0.900785581
 0.006082310 1501.245572666  0.900777213
 0.006105900 1500.575579900  0.900793276
 0.006129530 1499.944004181  0.900790753
 0.006153190 1499.286468718  0.900808391
 0.006176890 1498.872598646  0.900871265
 0.006200630 1498.026229547  0.900820687
 0.006224400 1497.536469647  0.900888553
 0.006248190 1496.665991549  0.900838110
 0.006272020 1496.096537354  0.900881652
 0.006295870 1495.315007998  0.900862105
 0.006319750 1494.754095740  0.900912103
 0.006343660 1494.044003269  0.900891628
 0.006367600 1493.479853292  0.900939230
 0.006391570 1492.692995047  0.900930377
 0.006415570 1492.174758101  0.900975968
 0.006439600 1491.640632632  0.901039668
 0.006463670 1490.943396851  0.901016191
 0.006487760 1490.419191082  0.901090051
 0.006511890 1489.672164993  0.901048487
 0.006536050 1489.090201288  0.901105490
 0.006560250 1488.511661352  0.901117582
 0.006584480 1487.821151988  0.901118624
 0.006608750 1487.248215797  0.901147892
 0.006633060 1486.607110617  0.901158177
 0.006657390 1486.032569019  0.901192674
 0.006681760 1485.601592890  0.901269654
 0.006706150 1484.918714571  0.901269007
 0.006730560 1484.263911584  0.901273184
 0.006755010 1483.680377069  0.901296138
 0.006779480 1483.055628129  0.901320199
 0.006803980 1482.710768586  0.901410585
 0.006828510 1481.970240175  0.901406018
 0.006853080 1481.440494881  0.901434593
 0.006877670 1480.790524023  0.901462610
 0.006902290 1480.295047590  0.901498965
 0.006926940 1479.669961799  0.901526346
 0.006951630 1479.160052323  0.901566523
 0.006976350 1478.769732446  0.901660289
 0.007001100 1478.124559276  0.901666686
 0.007025890 1477.497447807  0.901677304
 0.007050710 1476.933832919  0.901713458
 0.007075560 1476.356169408  0.901740076
 0.007100460 1475.992337303  0.901841227
 0.007125380 1475.323822652  0.901838536
 0.007150320 1474.746600608  0.901869657
 0.007175290 1474.179233484  0.901897551
 0.007200290 1473.622021431  0.901935159
 0.007225310 1473.076422330  0.901973079
 0.007250370 1472.543715760  0.902018819
 0.007275450 1472.165685990  0.902110386
 0.007300560 1471.613085526  0.902138983
 0.007325700 1471.017886237  0.902165910
 0.007350870 1470.524412875  0.902209139
 0.007376070 1469.960313919  0.902250829
 0.007401300 1469.661023978  0.902352226
 0.007426560 1469.018894187  0.902371300
 0.007451850 1468.503771503  0.902399137
 0.007477180 1467.936173167  0.902438811
 0.007502540 1467.472827917  0.902479400
 0.007527930 1466.923947563  0.902518745
 0.007553350 1466.491436779  0.902565931
 0.007578820 1466.136246313  0.902665608
 0.007604310 1465.494335725  0.902673013
 0.007629820 1464.955282772  0.902720978
 0.007655360 1464.446602345  0.902769811
 0.007680930 1463.960890702  0.902833189
 0.007706520 1463.609230490  0.902895255
 0.007732140 1463.202960377  0.902971133
 0.007757790 1462.810994260  0.903023212
 0.007783470 1462.148835721  0.903030853
 0.007809170 1461.856789321  0.903117474
 0.007834900 1461.369549557  0.903181631
 0.007860670 1460.886134566  0.903211121
 0.007886460 1460.335678969  0.903259308
 0.007912280 1459.871686751  0.903304625
 0.007938130 1459.425185848  0.903384722
 0.007964020 1458.925155502  0.903434815
 0.007989930 1458.414929670  0.903478144
 0.008015880 1458.029473531  0.903561935
 0.008041860 1457.505732194  0.903603342
 0.008067880 1457.060137383  0.903668858
 0.008093930 1456.640954805  0.903728133
 0.008120000 1456.219808425  0.903796879
 0.008146100 1455.857219474  0.903905062
 0.008172230 1455.244614523  0.903912638
 0.008198380 1454.900134833  0.903990478
 0.008224550 1454.380266993  0.904042858
 0.008250760 1453.940638289  0.904119275
 0.008276980 1453.436350111  0.904179134
 0.008303240 1453.127868401  0.904301818
 0.008329520 1452.438191511  0.904308827
 0.008355840 1452.049304275  0.904392367
 0.008382180 1451.675863812  0.904482994
 0.008408550 1451.147096522  0.904504683
 0.008434940 1450.667117961  0.904562555
 0.008461370 1450.273221833  0.904633647
 0.008487830 1449.912639909  0.904722144
 0.008514320 1449.370044158  0.904764940
 0.008540840 1448.991198049  0.904838630
 0.008567400 1448.756374804  0.904959950
 0.008593980 1448.162367924  0.904983083
 0.008620600 1447.763484212  0.905067712
 0.008647250 1447.399912441  0.905148490
 0.008673930 1446.884373456  0.905189791
 0.008700620 1446.470925825  0.905255999
 0.008727340 1446.101441966  0.905339027
 0.008754090 1445.663011200  0.905402701
 0.008780860 1445.296267250  0.905485929
 0.008807660 1445.016322510  0.905599814
 0.008834480 1444.541374776  0.905645499
 0.008861330 1444.083210937  0.905705915
 0.008888210 1443.716248083  0.905782678
 0.008915110 1443.294096981  0.905871785
 0.008942050 1442.878447587  0.905916699
 0.008969010 1442.431133057  0.905990195
 0.008996000 1442.105919017  0.906071721
 0.009023020 1441.659761296  0.906141178
 0.009050060 1441.347518944  0.906225553
 0.009077140 1440.898710585  0.906291644
 0.009104250 1440.639955196  0.906396128
 0.009131390 1440.189464443  0.906453765
 0.009158570 1439.830468786  0.906542840
 0.009185780 1439.581195196  0.906650134
 0.009213010 1439.077643602  0.906681175
 0.009240270 1438.704905017  0.906776274
 0.009267550 1438.319836950  0.906851241
 0.009294850 1437.927694635  0.906943248
 0.009322180 1437.755714985  0.907058099
 0.009349540 1437.255147239  0.907109178
 0.009376910 1436.869472018  0.907184703
 0.009404320 1436.462130155  0.907265868
 0.009431750 1436.200145851  0.907361334
 0.009459200 1435.741962147  0.907408783
 0.009486690 1435.352740933  0.907497154
 0.009514200 1434.985615735  0.907577118
 0.009541730 1434.618597870  0.907663220
 0.009569300 1434.277045321  0.907735276
 0.009596890 1433.892415155  0.907817593
 0.009624510 1433.598933527  0.907920715
 0.009652160 1433.183091165  0.907993114
 0.009679850 1432.938208613  0.908084468
 0.009707560 1432.684668389  0.908208151
 0.009735300 1432.232404453  0.908264627
 0.009763080 1431.940515810  0.908387740
 0.009790890 1431.502943551  0.908435305
 0.009818720 1431.195781139  0.908529419
 0.009846570 1430.820949819  0.908607038
 0.009874440 1430.476144032  0.908701393
 0.009902340 1430.158972472  0.908786712
 0.009930270 1429.857063024  0.908867259
 0.009958210 1429.552154719  0.908959262
 0.009986180 1429.206521820  0.909061426
 0.010014200 1428.830164853  0.909140521
 0.010042200 1428.464812235  0.909220426
 0.010070200 1428.122960416  0.909301508
 0.010098300 1427.863377199  0.909419554
 0.010126400 1427.433778330  0.909480479
 0.010154500 1427.262957655  0.909623082
 0.010182700 1426.806122390  0.909682422
 0.010210900 1426.555804022  0.909766185
 0.010239100 1426.383155661  0.909886280
 0.010267300 1425.982079251  0.909952176
 0.010295600 1425.695172020  0.910021821
 0.010323900 1425.351335564  0.910120504
 0.010352200 1425.025635771  0.910234418
 0.010380600 1424.577838606  0.910301944
 0.010409000 1424.226183628  0.910410681
 0.010437400 1423.891813597  0.910515540
 0.010465800 1423.596386444  0.910611923
 0.010494300 1423.291415751  0.910721342
 0.010522800 1422.924305119  0.910809274
 0.010551300 1422.764318839  0.910940426
 0.010579800 1422.294999628  0.910994520
 0.010608300 1421.992634844  0.911095725
 0.010636900 1421.680446878  0.911170934
 0.010665500 1421.309779676  0.911260317
 0.010694100 1421.052178554  0.911364249
 0.010722800 1420.718113478  0.911454330
 0.010751500 1420.466390239  0.911571575
 0.010780100 1420.054632082  0.911656294
 0.010808900 1419.892875253  0.911777220
 0.010837600 1419.479668110  0.911859141
 0.010866400 1419.256045188  0.911959889
 0.010895200 1419.000275743  0.912082902
 0.010924100 1418.629431128  0.912147759
 0.010952900 1418.324366556  0.912250987
 0.010981800 1418.069266830  0.912357829
 0.011010700 1417.906922537  0.912490477
 0.011039700 1417.564650702  0.912571712
 0.011068700 1417.258124457  0.912650691
 0.011097700 1417.023732257  0.912768317
 0.011126700 1416.617209511  0.912836964
 0.011155800 1416.357517736  0.912947826
 0.011184800 1416.097150731  0.913044925
 0.011213900 1415.891337689  0.913168818
 0.011243000 1415.544376223  0.913259097
 0.011272200 1415.244260602  0.913356795
 0.011301300 1414.951975320  0.913468445
 0.011330500 1414.674423876  0.913550159
 0.011359700 1414.434756373  0.913667687
 0.011389000 1414.114449190  0.913760523
 0.011418200 1413.821680132  0.913872538
 0.011447500 1413.589816671  0.913979425
 0.011476800 1413.289084114  0.914080873
 0.011506200 1413.011331661  0.914188152
 0.011535500 1412.692644205  0.914286110
 0.011564900 1412.474493970  0.914392950
 0.011594300 1412.214711682  0.914494366
 0.011623800 1412.001147342  0.914606309
 0.011653200 1411.741293538  0.914713805
 0.011682800 1411.539227494  0.914849733
 0.011712300 1411.160319118  0.914920904
 0.011741800 1410.959792957  0.915058324
 0.011771400 1410.623629691  0.915122727
 0.011801000 1410.368899675  0.915229574
 0.011830700 1410.065847864  0.915342062
 0.011860300 1409.888391810  0.915487958
 0.011890000 1409.557661989  0.915578199
 0.011919700 1409.209232689  0.915666313
 0.011949400 1408.931488603  0.915793472
 0.011979100 1408.619544044  0.915883116
 0.012008900 1408.387743496  0.915990953
 0.012038700 1408.142798109  0.916101698
 0.012068500 1407.947732278  0.916228758
 0.012098300 1407.668236921  0.916331514
 0.012128200 1407.386977271  0.916433868
 0.012158000 1407.148973028  0.916552695
 0.012187900 1406.848177742  0.916642034
 0.012217900 1406.666720677  0.916764420
 0.012247800 1406.417051089  0.916871644
 0.012277800 1406.208470692  0.916990040
 0.012307800 1405.985090999  0.917103422
 0.012337900 1405.726000277  0.917207099
 0.012367900 1405.484531076  0.917320318
 0.012398000 1405.367889745  0.917460998
 0.012428100 1405.225655419  0.917575465
 0.012458300 1404.837691583  0.917649311
 0.012488500 1404.656425923  0.917751127
 0.012518700 1404.405611951  0.917874657
 0.012548900 1404.239593670  0.917986459
 0.012579100 1404.079244520  0.918117086
 0.012609400 1403.816684834  0.918207016
 0.012639600 1403.621400907  0.918316278
 0.012669900 1403.444678688  0.918449396
 0.012700300 1403.180928573  0.918548585
 0.012730600 1402.895200899  0.918653197
 0.012761000 1402.725933993  0.918783697
 0.012791400 1402.429611738  0.918880950
 0.012821800 1402.137225778  0.918997101
 0.012852200 1401.975229773  0.919110741
 0.012882700 1401.719804172  0.919233111
 0.012913100 1401.519835628  0.919348629
 0.012943600 1401.274556795  0.919469610
 0.012974200 1400.978288335  0.919581003
 0.013004700 1400.809437369  0.919707396
 0.013035300 1400.633273585  0.919831805
 0.013065900 1400.419751377  0.919937077
 0.013096600 1400.283718559  0.920047644
 0.013127200 1400.064878046  0.920162046
 0.013157900 1399.788488796  0.920252102
 0.013188600 1399.626605486  0.920385657
 0.013219400 1399.399847691  0.920511301
 0.013250200 1399.159741617  0.920624442
 0.013281000 1398.973275630  0.920748735
 0.013311800 1398.773980536  0.920872959
 0.013342600 1398.547206016  0.920983370
 0.013373500 1398.349250324  0.921102568
 0.013404300 1398.231906752  0.921248133
 0.013435200 1397.950300923  0.921342063
 0.013466100 1397.718992747  0.921455467
 0.013497100 1397.469716845  0.921552300
 0.013528000 1397.294828210  0.921676660
 0.013559000 1397.156922681  0.921808758
 0.013590000 1396.932236852  0.921918341
 0.013621000 1396.712523959  0.922036526
 0.013652100 1396.588777329  0.922181624
 0.013683100 1396.424709980  0.922311151
 0.013714200 1396.184338264  0.922415139
 0.013745300 1395.952629991  0.922525913
 0.013776500 1395.761653895  0.922656344
 0.013807600 1395.536262276  0.922785225
 0.013838800 1395.264136041  0.922877489
 0.013870100 1395.122417188  0.923002644
 0.013901300 1394.938006464  0.923144697
 0.013932600 1394.719817748  0.923262740
 0.013963900 1394.497991778  0.923366808
 0.013995200 1394.317528130  0.923489112
 0.014026600 1394.102138527  0.923632481
 0.014057900 1393.869199434  0.923754069
 0.014089300 1393.650598019  0.923855414
 0.014120700 1393.480771007  0.923995553
 0.014152200 1393.302915303  0.924136843
 0.014183600 1393.010845527  0.924235080
 0.014215100 1392.832004925  0.924362042
 0.014246600 1392.644249841  0.924491202
 0.014278100 1392.420257110  0.924610486
 0.014309600 1392.305134886  0.924732077
 0.014341200 1392.111211051  0.924849514
 0.014372700 1391.923486514  0.924971536
 0.014404300 1391.720456438  0.925108137
 0.014436000 1391.548700536  0.925211902
 0.014467600 1391.337888748  0.925348283
 0.014499300 1391.118182780  0.925473327
 0.014530900 1390.877107809  0.925606087
 0.014562700 1390.764643348  0.925738311
 0.014594400 1390.537711429  0.925853321
 0.014626200 1390.430725671  0.925990883
 0.014657900 1390.333401433  0.926128757
 0.014689700 1390.168001581  0.926234077
 0.014721600 1389.968764278  0.926356053
 0.014753400 1389.722186217  0.926468530
 0.014785300 1389.572425454  0.926605469
 0.014817200 1389.348930773  0.926737527
 0.014849200 1389.147035368  0.926856831
 0.014881200 1388.901024617  0.926987279
 0.014913100 1388.760946771  0.927107449
 0.014945100 1388.580389769  0.927241928
 0.014977200 1388.472878333  0.927372576
 0.015009200 1388.272704719  0.927483784
 0.015041200 1388.109768908  0.927622806
 0.015073300 1387.925743630  0.927752140
 0.015105400 1387.723555909  0.927872976
 0.015137500 1387.584141021  0.927997839
 0.015169700 1387.374188740  0.928120146
 0.015201800 1387.143578339  0.928248423
 0.015234000 1387.002340998  0.928397448
 0.015266200 1386.805698775  0.928515158
 0.015298400 1386.669878723  0.928652879
 0.015330700 1386.572016678  0.928803886
 0.015362900 1386.481645422  0.928934968
 0.015395200 1386.253103096  0.929032073
 0.015427500 1386.076867401  0.929148786
 0.015459900 1385.893243329  0.929288771
 0.015492200 1385.766919334  0.929430876
 0.015524600 1385.520478947  0.929554906
 0.015557000 1385.428265803  0.929683642
 0.015589400 1385.320389349  0.929831025
 0.015621900 1385.124001591  0.929945273
 0.015654400 1384.927054929  0.930071601
 0.015686900 1384.757551095  0.930196502
 0.015719400 1384.656165129  0.930327352
 0.015752000 1384.507965461  0.930459861
 0.015784600 1384.279149322  0.930578787
 0.015817100 1384.136049775  0.930727436
 0.015849800 1383.940885945  0.930847140
 0.015882400 1383.722941220  0.930969274
 0.015915000 1383.491779085  0.931114109
 0.015947700 1383.304199480  0.931259542
 0.015980400 1383.059083506  0.931371161
 0.016013100 1382.927018249  0.931525221
 0.016045800 1382.803770814  0.931663798
 0.016078600 1382.553149380  0.931773384
 0.016111300 1382.479648172  0.931916900
 0.016144100 1382.328844621  0.932060297
 0.016176900 1382.142390912  0.932180700
 0.016209700 1381.969248248  0.932324462
 0.016242600 1381.879213997  0.932455422
 0.016275500 1381.645078736  0.932570284
 0.016308400 1381.523528176  0.932717902
 0.016341300 1381.410719324  0.932871285
 0.016374200 1381.214916622  0.932981889
 0.016407200 1381.027563322  0.933124315
 0.016440200 1381.005490402  0.933276226
 0.016473200 1380.713031868  0.933374684
 0.016506200 1380.648990761  0.933518737
 0.016539300 1380.484858975  0.933664400
 0.016572300 1380.381636827  0.933785757
 0.016605400 1380.198454428  0.933917692
 0.016638600 1380.120366061  0.934044887
 0.016671700 1379.969657665  0.934179772
 0.016704900 1379.909971902  0.934313219
 0.016738100 1379.652343993  0.934434810
 0.016771300 1379.616832431  0.934580930
 0.016804500 1379.417394756  0.934702375
 0.016837800 1379.368935682  0.934835658
 0.016871000 1379.212944720  0.934971546
 0.016904300 1379.138612749  0.935118336
 0.016937600 1378.940602207  0.935237109
 0.016970900 1378.920124650  0.935377801
 0.017004300 1378.752388000  0.935516183
 0.017037600 1378.603945743  0.935647450
 0.017071000 1378.511038085  0.935789558
 0.017104400 1378.325625818  0.935922391
 0.017137800 1378.183080630  0.936058376
 0.017171300 1378.054067825  0.936214712
 0.017204700 1377.946689795  0.936339592
 0.017238200 1377.737026757  0.936458448
 0.017271700 1377.640180049  0.936610660
 0.017305200 1377.488321771  0.936756443
 0.017338800 1377.344244086  0.936869901
 0.017372400 1377.234460111  0.937015672
 0.017405900 1377.045665627  0.937146643
 0.017439600 1376.914837051  0.937285937
 0.017473200 1376.810917710  0.937432523
 0.017506900 1376.642712858  0.937568310
 0.017540500 1376.472520950  0.937705249
 0.017574300 1376.276415966  0.937831736
 0.017608000 1376.235021608  0.937986277
 0.017641700 1376.121414065  0.938118709
 0.017675500 1375.941470972  0.938244729
 0.017709300 1375.851931451  0.938388927
 0.017743100 1375.695030219  0.938516497
 0.017777000 1375.565544560  0.938663671
 0.017810800 1375.387471315  0.938791174
 0.017844700 1375.283085837  0.938948010
 0.017878500 1375.103714497  0.939073636
 0.017912400 1374.999451248  0.939212088
 0.017946400 1374.878912752  0.939358584
 0.017980300 1374.705821762  0.939481905
 0.018014200 1374.569563243  0.939634186
 0.018048200 1374.421277870  0.939767015
 0.018082200 1374.307149649  0.939915667
 0.018116200 1374.232575690  0.940062435
 0.018150300 1374.094151916  0.940201280
 0.018184300 1373.955139197  0.940328657
 0.018218400 1373.782221436  0.940466564
 0.018252500 1373.683548375  0.940603300
 0.018286600 1373.554782848  0.940740131
 0.018320700 1373.463178345  0.940878539
 0.018354900 1373.394408725  0.941042026
 0.018389100 1373.215647349  0.941159831
 0.018423300 1373.081903103  0.941312353
 0.018457500 1372.999496778  0.941442495
 0.018491700 1372.881716593  0.941590533
 0.018526000 1372.705330224  0.941718297
 0.018560300 1372.594070905  0.941865388
 0.018594600 1372.560897971  0.942018200
 0.018628900 1372.390001935  0.942148981
 0.018663300 1372.236434127  0.942287405
 0.018697700 1372.106310687  0.942421933
 0.018732100 1372.021164600  0.942568033
 0.018766500 1371.870850871  0.942695956
 0.018800900 1371.732606611  0.942844856
 0.018835400 1371.631520756  0.942978477
 0.018869800 1371.542730677  0.943130069
 0.018904300 1371.458294155  0.943278959
 0.018938800 1371.276451622  0.943415458
 0.018973300 1371.204201908  0.943549794
 0.019007900 1371.063655269  0.943690676
 0.019042400 1370.959491737  0.943832764
 0.019077000 1370.806241817  0.943975477
 0.019111600 1370.747639181  0.944116659
 0.019146200 1370.682332339  0.944279884
 0.019180800 1370.501555655  0.944404876
 0.019215500 1370.374016729  0.944548269
 0.019250200 1370.272476197  0.944675058
 0.019284800 1370.188220861  0.944833074
 0.019319500 1370.021970006  0.944963979
 0.019354300 1369.921802146  0.945114406
 0.019389000 1369.892460897  0.945265334
 0.019423800 1369.727699420  0.945397482
 0.019458600 1369.588239096  0.945541044
 0.019493400 1369.471056290  0.945678758
 0.019528200 1369.392728731  0.945824589
 0.019563100 1369.245724769  0.945954234
 0.019597900 1369.135217366  0.946109416
 0.019632800 1369.021933995  0.946241606
 0.019667800 1368.952980140  0.946392653
 0.019702700 1368.827780757  0.946537393
 0.019737700 1368.720353279  0.946685795
 0.019772600 1368.610046461  0.946815993
 0.019807700 1368.501592708  0.946961154
 0.019842700 1368.371606612  0.947102235
 0.019877700 1368.255529323  0.947245599
 0.019912800 1368.190002559  0.947388759
 0.019947800 1368.154336749  0.947561738
 0.019982900 1367.950639824  0.947678535
 0.020018000 1367.865796830  0.947834905
 0.020053100 1367.774838939  0.947964981
 0.020088300 1367.684176425  0.948121366
 0.020123400 1367.530934129  0.948253620
 0.020158600 1367.431008257  0.948404069
 0.020193800 1367.345468428  0.948538823
 0.020229000 1367.259746929  0.948693744
 0.020264200 1367.136579093  0.948838334
 0.020299500 1367.020736552  0.948981426
 0.020334700 1366.946371922  0.949125299
 0.020370000 1366.823405642  0.949261295
 0.020405300 1366.690210226  0.949410103
 0.020440600 1366.592890201  0.949543561
 0.020476000 1366.524569071  0.949699872
 0.020511300 1366.459989802  0.949853455
 0.020546700 1366.284044183  0.949991476
 0.020582100 1366.244112722  0.950133826
 0.020617500 1366.117145503  0.950279614
 0.020653000 1366.021774053  0.950423125
 0.020688400 1365.871322835  0.950565824
 0.020723900 1365.837097429  0.950709749
 0.020759400 1365.687288989  0.950850740
 0.020794900 1365.621809518  0.951000599
 0.020830500 1365.512465801  0.951161393
 0.020866000 1365.449305923  0.951292250
 0.020901600 1365.319059700  0.951441151
 0.020937200 1365.212340593  0.951576940
 0.020972900 1365.095340436  0.951735404
 0.021008500 1365.046687161  0.951870600
 0.021044200 1364.934486889  0.952024880
 0.021079900 1364.899290581  0.952184354
 0.021115500 1364.709659118  0.952318945
 0.021151300 1364.687511569  0.952464844
 0.021187000 1364.541827909  0.952605441
 0.021222700 1364.457675369  0.952756050
 0.021258500 1364.318096843  0.952887252
 0.021294200 1364.278157064  0.953044419
 0.021330000 1364.140125369  0.953182578
 0.021365800 1364.075656130  0.953342009
 0.021401700 1364.027270655  0.953493624
 0.021437500 1363.925449539  0.953638571
 0.021473400 1363.784593299  0.953774702
 0.021509200 1363.678951058  0.953921363
 0.021545100 1363.618775366  0.954064297
 0.021581100 1363.528681600  0.954214184
 0.021617000 1363.415153115  0.954360184
 0.021652900 1363.381759214  0.954531173
 0.021688900 1363.268411374  0.954656367
 0.021724900 1363.201672298  0.954817671
 0.021760900 1363.063439453  0.954952277
 0.021796900 1362.974002052  0.955104994
 0.021833000 1362.947553052  0.955257100
 0.021869000 1362.824245909  0.955401238
 0.021905100 1362.683583217  0.955549986
 0.021941200 1362.584613805  0.955694471
 0.021977300 1362.535897093  0.955847837
 0.022013500 1362.435612324  0.955982767
 0.022049600 1362.338927136  0.956131544
 0.022085800 1362.276826277  0.956275941
 0.022122000 1362.238453231  0.956425716
 0.022158300 1362.156854263  0.956578556
 0.022194500 1362.036585646  0.956728395
 0.022230800 1361.958836927  0.956870929
 0.022267100 1361.847176957  0.957011379
 0.022303400 1361.761249226  0.957169719
 0.022339700 1361.598699793  0.957302241
 0.022376000 1361.581323046  0.957462720
 0.022412400 1361.534280864  0.957624422
 0.022448700 1361.394367490  0.957763012
 0.022485100 1361.293810248  0.957913835
 0.022521500 1361.221165290  0.958052517
 0.022557900 1361.124523475  0.958207236
 0.022594300 1361.001249174  0.958343132
 0.022630700 1360.955684254  0.958500202
 0.022667200 1360.845711183  0.958639518
 0.022703700 1360.794850995  0.958802064
 0.022740200 1360.739169879  0.958951990
 0.022776700 1360.664851495  0.959103317
 0.022813200 1360.533567950  0.959240952
 0.022849700 1360.445267439  0.959392413
 0.022886300 1360.393747796  0.959538644
 0.022922900 1360.313186981  0.959690021
 0.022959400 1360.213942383  0.959839124
 0.022996100 1360.176792411  0.960008478
 0.023032700 1360.071042441  0.960135227
 0.023069300 1360.016524450  0.960299715
 0.023106000 1359.881901353  0.960434223
 0.023142700 1359.816999243  0.960595081
 0.023179400 1359.745447733  0.960730750
 0.023216100 1359.667957325  0.960887723
 0.023252900 1359.536875377  0.961026935
 0.023289600 1359.471420409  0.961184764
 0.023326400 1359.451218562  0.961339205
 0.023363200 1359.349261837  0.961485444
 0.023400000 1359.216468928  0.961628804
 0.023436900 1359.126215451  0.961772826
 0.023473800 1359.084680316  0.961928251
 0.023510600 1358.973946952  0.962065517
 0.023547500 1358.882566245  0.962227537
 0.023584500 1358.877174879  0.962386647
 0.023621400 1358.766336045  0.962530213
 0.023658300 1358.697954012  0.962676682
 0.023695300 1358.562594560  0.962826060
 0.023732300 1358.533865102  0.962971434
 0.023769200 1358.421381587  0.963116846
 0.023806300 1358.370682164  0.963271539
 0.023843300 1358.235625119  0.963422586
 0.023880300 1358.229440714  0.963569348
 0.023917400 1358.151276426  0.963731157
 0.023954400 1358.066766123  0.963872874
 0.023991500 1357.956200904  0.964031699
 0.024028600 1357.930610565  0.964170893
 0.024065700 1357.835960082  0.964328821
 0.024102800 1357.749815903  0.964469829
 0.024140000 1357.657623905  0.964634315
 0.024177100 1357.685582888  0.964790559
 0.024214300 1357.523922696  0.964926162
 0.024251500 1357.498078617  0.965087591
 0.024288700 1357.349605097  0.965231750
 0.024326000 1357.338375924  0.965382557
 0.024363200 1357.210481837  0.965522347
 0.024400500 1357.169261803  0.965687929
 0.024437700 1357.061909030  0.965825197
 0.024475100 1357.027689410  0.965982317
 0.024512400 1356.949537846  0.966138260
 0.024549700 1356.866868869  0.966291273
 0.024587100 1356.794706216  0.966430926
 0.024624400 1356.722450811  0.966583974
 0.024661800 1356.622920783  0.966731297
 0.024699300 1356.531030042  0.966879260
 0.024736700 1356.496869930  0.967030413
 0.024774200 1356.480669541  0.967206387
 0.024811700 1356.322017873  0.967334315
 0.024849200 1356.265727123  0.967497060
 0.024886700 1356.200922471  0.967635342
 0.024924200 1356.116496326  0.967795219
 0.024961700 1356.002131825  0.967936703
 0.024999300 1355.889729509  0.968091381
 0.025036900 1355.867756421  0.968239953
 0.025074500 1355.734549082  0.968396254
 0.025112100 1355.758093866  0.968554542
 0.025149700 1355.595536339  0.968700894
 0.025187300 1355.590702137  0.968853038
 0.025224900 1355.432081696  0.968995389
 0.025262600 1355.446565227  0.969156118
 0.025300300 1355.284446231  0.969296686
 0.025337900 1355.316000698  0.969464219
 0.025375600 1355.206512976  0.969620781
 0.025413400 1355.172623081  0.969767315
 0.025451100 1355.038999409  0.969913948
 0.025488800 1355.024957831  0.970067206
 0.025526600 1354.916724322  0.970212904
 0.025564400 1354.882054701  0.970368365
 0.025602200 1354.770018628  0.970507356
 0.025640000 1354.756032625  0.970679811
 0.025677800 1354.624620935  0.970818044
 0.025715600 1354.603094853  0.970986697
 0.025753500 1354.545044984  0.971136487
 0.025791400 1354.477513918  0.971284687
 0.025829300 1354.395234261  0.971428528
 0.025867200 1354.366732366  0.971595074
 0.025905100 1354.247074629  0.971731746
 0.025943100 1354.172962386  0.971885233
 0.025981000 1354.109993462  0.972047944
 0.026019000 1354.047525313  0.972208784
 0.026057000 1353.925326883  0.972340557
 0.026095100 1353.918556546  0.972506481
 0.026133100 1353.862975323  0.972661844
 0.026171200 1353.778484583  0.972797174
 0.026209300 1353.750223120  0.972957696
 0.026247400 1353.668330287  0.973093062
 0.026285500 1353.570110431  0.973237966
 0.026323700 1353.561659034  0.973402468
 0.026361800 1353.453935704  0.973540893
 0.026400000 1353.459981289  0.973703163
 0.026438200 1353.346673025  0.973851094
 0.026476300 1353.371978067  0.974016002
 0.026514500 1353.262058266  0.974151093
 0.026552800 1353.241815420  0.974318829
 0.026591000 1353.159698278  0.974474231
 0.026629200 1353.140154474  0.974617611
 0.026667500 1353.096623795  0.974774243
 0.026705800 1353.020357138  0.974934871
 0.026744100 1352.925839551  0.975080231
 0.026782300 1352.848926265  0.975237625
 0.026820700 1352.806589111  0.975385523
 0.026859000 1352.766725186  0.975549747
 0.026897300 1352.650031609  0.975695292
 0.026935700 1352.606697542  0.975841933
 0.026974100 1352.573951124  0.976002034
 0.027012500 1352.452185735  0.976147141
 0.027050900 1352.476694904  0.976308360
 0.027089300 1352.355330219  0.976444357
 0.027127700 1352.328307164  0.976610921
 0.027166200 1352.202260535  0.976754279
 0.027204600 1352.215466290  0.976911161
 0.027243100 1352.129379742  0.977059685
 0.027281600 1352.083134125  0.977220717
 0.027320100 1351.990425653  0.977372481
 0.027358700 1351.937418320  0.977528105
 0.027397200 1351.889984760  0.977673173
 0.027435800 1351.857903419  0.977835061
 0.027474400 1351.755796981  0.977984215
 0.027513000 1351.726534283  0.978141910
 0.027551600 1351.597295002  0.978286490
 0.027590300 1351.531674576  0.978435432
 0.027629000 1351.510880256  0.978591422
 0.027667700 1351.450872471  0.978745337
 0.027706400 1351.351355206  0.978896966
 0.027745100 1351.281741397  0.979049425
 0.027783900 1351.194369333  0.979211535
 0.027822600 1351.179068049  0.979357291
 0.027861400 1351.096078080  0.979518452
 0.027900200 1351.039049542  0.979670088
 0.027938900 1351.006694870  0.979824505
 0.027977800 1350.976002366  0.979983766
 0.028016600 1350.925084616  0.980134611
 0.028055400 1350.883766028  0.980288828
 0.028094200 1350.827449637  0.980449937
 0.028133100 1350.748019164  0.980595407
 0.028172000 1350.695493775  0.980761360
 0.028210800 1350.619619626  0.980907761
 0.028249700 1350.561840536  0.981043982
 0.028288600 1350.525319307  0.981209067
 0.028327600 1350.424650741  0.981357181
 0.028366500 1350.385399007  0.981516665
 0.028405500 1350.285801875  0.981666059
 0.028444400 1350.292439332  0.981825558
 0.028483400 1350.206126593  0.981970114
 0.028522400 1350.175713880  0.982134117
 0.028561400 1350.069074147  0.982276906
 0.028600400 1350.027366886  0.982438726
 0.028639500 1349.940606412  0.982594876
 0.028678500 1349.929954429  0.982741920
 0.028717600 1349.847049927  0.982892182
 0.028756700 1349.815181142  0.983056290
 0.028795800 1349.708178046  0.983203319
 0.028834900 1349.699183433  0.983369969
 0.028874000 1349.615769943  0.983505419
 0.028913200 1349.554673370  0.983655956
 0.028952400 1349.502693245  0.983821041
 0.028991500 1349.412456212  0.983959548
 0.029030800 1349.344295618  0.984121956
 0.029070000 1349.285288758  0.984272305
 0.029109200 1349.272710247  0.984428134
 0.029148500 1349.209834006  0.984581634
 0.029187800 1349.139988052  0.984739655
 0.029227100 1349.089339358  0.984893610
 0.029266400 1349.016713304  0.985053395
 0.029305800 1349.021525717  0.985205846
 0.029345100 1348.963138929  0.985363140
 0.029384500 1348.900606287  0.985518380
 0.029423900 1348.837891720  0.985671643
 0.029463300 1348.772753306  0.985826728
 0.029502700 1348.741439144  0.985987356
 0.029542100 1348.697205184  0.986136667
 0.029581500 1348.615931037  0.986287695
 0.029620900 1348.575129060  0.986446265
 0.029660400 1348.479362544  0.986595924
 0.029699800 1348.452613427  0.986758219
 0.029739300 1348.397829869  0.986896408
 0.029778800 1348.372194157  0.987063077
 0.029818300 1348.282589936  0.987214228
 0.029857800 1348.241667701  0.987372120
 0.029897300 1348.148471756  0.987522503
 0.029936900 1348.150849670  0.987682527
 0.029976400 1348.107258350  0.987838500
 0.030016000 1348.038648717  0.987991113
 0.030055600 1347.947114030  0.988138727
 0.030095200 1347.911257368  0.988298798
 0.030134800 1347.808559282  0.988449735
 0.030174400 1347.837095210  0.988604599
 0.030214000 1347.732996795  0.988752114
 0.030253700 1347.659979471  0.988901251
 0.030293300 1347.588926050  0.989059865
 0.030333000 1347.539171209  0.989213298
 0.030372700 1347.515071043  0.989368323
 0.030412400 1347.451030267  0.989517374
 0.030452200 1347.395610203  0.989678661
 0.030491900 1347.327620671  0.989823863
 0.030531700 1347.250556447  0.989983126
 0.030571400 1347.211668053  0.990139765
 0.030611200 1347.195560554  0.990293975
 0.030651100 1347.154011893  0.990453638
 0.030690900 1347.079011165  0.990608462
 0.030730800 1347.029242622  0.990764332
 0.030770600 1346.963818440  0.990925600
 0.030810500 1346.946545228  0.991071525
 0.030850500 1346.913694210  0.991235369
 0.030890400 1346.844979023  0.991386902
 0.030930300 1346.748503434  0.991529006
 0.030970300 1346.730576316  0.991698720
 0.031010300 1346.621503802  0.991845363
 0.031050300 1346.656855247  0.992006815
 0.031090200 1346.582531671  0.992159128
 0.031130200 1346.553535910  0.992322839
 0.031170300 1346.450969759  0.992469344
 0.031210300 1346.433225527  0.992632899
 0.031250300 1346.395889654  0.992777782
 0.031290400 1346.364555751  0.992942995
 0.031330400 1346.311539615  0.993105242
 0.031370500 1346.247820987  0.993251376
 0.031410600 1346.157631310  0.993405358
 0.031450700 1346.155728963  0.993567062
 0.031490800 1346.104227899  0.993716437
 0.031530900 1346.081496691  0.993881790
 0.031571000 1345.964314061  0.994021306
 0.031611200 1345.891650541  0.994168408
 0.031651300 1345.835286472  0.994333570
 0.031691500 1345.811247223  0.994472516
 0.031731700 1345.757326272  0.994634642
 0.031771900 1345.681231855  0.994781901
 0.031812100 1345.621793436  0.994942105
 0.031852300 1345.574405052  0.995096778
 0.031892600 1345.545327867  0.995252209
 0.031932800 1345.500562476  0.995404542
 0.031973100 1345.447418017  0.995565585
 0.032013400 1345.400768453  0.995719046
 0.032053700 1345.320192864  0.995875010
 0.032094000 1345.273888770  0.996029689
 0.032134300 1345.262613259  0.996178621
 0.032174700 1345.199761388  0.996335500
 0.032215000 1345.147898672  0.996498357
 0.032255400 1345.068081736  0.996642946
 0.032295800 1344.993918765  0.996797172
 0.032336200 1345.001013555  0.996953043
 0.032376700 1344.933597332  0.997103896
 0.032417100 1344.901449534  0.997266285
 0.032457600 1344.809104894  0.997410437
 0.032498100 1344.793110784  0.997580202
 0.032538600 1344.683538920  0.997730169
 0.032579200 1344.725877007  0.997889780
 0.032619700 1344.655261517  0.998041388
 0.032660300 1344.628592066  0.998205511
 0.032700800 1344.556480266  0.998361977
 0.032741400 1344.518013535  0.998518928
 0.032782000 1344.475755447  0.998667433
 0.032822600 1344.462819496  0.998832328
 0.032863200 1344.397458967  0.998987399
 0.032903800 1344.376620913  0.999146803
 0.032944500 1344.261660550  0.999294485
 0.032985100 1344.212295316  0.999446535
 0.033025700 1344.208503918  0.999603785
 0.033066400 1344.152123658  0.999759120
 0.033107100 1344.085486131  0.999913366
 0.033147800 1344.022811532  1.000065654
 0.033188500 1343.956221052  1.000228982
 0.033229200 1343.955881679  1.000372774
 0.033269900 1343.910232632  1.000534815
 0.033310600 1343.846073401  1.000686850
 0.033351400 1343.773978623  1.000840415
 0.033392100 1343.737769651  1.000999791
 0.033432900 1343.683430941  1.001150795
 0.033473700 1343.659736910  1.001306301
 0.033514500 1343.592808246  1.001465915
 0.033555300 1343.544179804  1.001614080
 0.033596100 1343.495919126  1.001779916
 0.033636900 1343.431859949  1.001927625
 0.033677800 1343.390226129  1.002067092
 0.033718600 1343.355136309  1.002233866
 0.033759500 1343.267517318  1.002381598
 0.033800400 1343.235342630  1.002542700
 0.033841300 1343.141135491  1.002691648
 0.033882200 1343.159327708  1.002852893
 0.033923200 1343.087393249  1.003000583
 0.033964200 1343.054085191  1.003162883
 0.034005100 1342.972840498  1.003310317
 0.034046100 1342.943457203  1.003475296
 0.034087100 1342.879725735  1.003634270
 0.034128200 1342.904699439  1.003781983
 0.034169200 1342.811450201  1.003937986
 0.034210300 1342.802612965  1.004101432
 0.034251400 1342.717463266  1.004253169
 0.034292500 1342.707964805  1.004419769
 0.034333600 1342.639261186  1.004560205
 0.034374700 1342.594428291  1.004713795
 0.034415900 1342.565711120  1.004879805
 0.034457100 1342.493574486  1.005023303
 0.034498200 1342.426117088  1.005185650
 0.034539400 1342.381626166  1.005339120
 0.034580600 1342.380994693  1.005496416
 0.034621800 1342.326202640  1.005647620
 0.034663000 1342.259933661  1.005809601
 0.034704200 1342.205455999  1.005963756
 0.034745400 1342.135707667  1.006126923
 0.034786700 1342.125696298  1.006277955
 0.034827900 1342.080925424  1.006436447
 0.034869200 1341.992846336  1.006592282
 0.034910400 1342.005574354  1.006747380
 0.034951700 1341.926013302  1.006902921
 0.034993000 1341.886405114  1.007061940
 0.035034300 1341.822698047  1.007209938
 0.035075600 1341.762291189  1.007361863
 0.035116900 1341.735464123  1.007518611
 0.035158300 1341.656341402  1.007667960
 0.035199600 1341.612201852  1.007828868
 0.035241000 1341.572608890  1.007968364
 0.035282300 1341.529847032  1.008137161
 0.035323700 1341.450354578  1.008287900
 0.035365100 1341.457977833  1.008444816
 0.035406500 1341.368391636  1.008595102
 0.035447900 1341.356718872  1.008757271
 0.035489400 1341.321839967  1.008912839
 0.035530800 1341.236207248  1.009069358
 0.035572300 1341.208682515  1.009217218
 0.035613800 1341.178861073  1.009377229
 0.035655300 1341.090787577  1.009532892
 0.035696800 1341.106436427  1.009688131
 0.035738300 1341.012147258  1.009840540
 0.035779900 1340.929594264  1.009989871
 0.035821400 1340.916786574  1.010147195
 0.035863000 1340.873363567  1.010302002
 0.035904600 1340.833192206  1.010455780
 0.035946200 1340.778459546  1.010607992
 0.035987800 1340.713940534  1.010772986
 0.036029500 1340.725568695  1.010918077
 0.036071100 1340.661305081  1.011085828
 0.036112800 1340.612935134  1.011237273
 0.036154500 1340.582271482  1.011391720
 0.036196200 1340.552362017  1.011554551
 0.036238000 1340.507059003  1.011708859
 0.036279700 1340.468300002  1.011864552
 0.036321500 1340.385944524  1.012024468
 0.036363200 1340.378490316  1.012173488
 0.036405000 1340.331155418  1.012335907
 0.036446800 1340.285229144  1.012488326
 0.036488500 1340.218385260  1.012628441
 0.036530300 1340.200574479  1.012798076
 0.036572100 1340.086780546  1.012948290
 0.036614000 1340.133381071  1.013107493
 0.036655800 1340.027862339  1.013258553
 0.036697600 1340.058565684  1.013421158
 0.036739500 1339.953465765  1.013569624
 0.036781300 1339.938500987  1.013732984
 0.036823200 1339.874610170  1.013876737
 0.036865000 1339.860404192  1.014044878
 0.036906900 1339.766565401  1.014201154
 0.036948800 1339.781524427  1.014349020
 0.036990700 1339.708429879  1.014511383
 0.037032600 1339.657134178  1.014659895
 0.037074600 1339.599034544  1.014802288
 0.037116500 1339.542739118  1.014959859
 0.037158500 1339.420700730  1.015102494
 0.037200400 1339.399472641  1.015276824
 0.037242400 1339.268256210  1.015436914
 0.037284400 1339.229892006  1.015590238
 0.037326400 1339.131970005  1.015749188
 0.037368400 1339.101493262  1.015917180
 0.037410400 1339.014740682  1.016059093
 0.037452500 1339.014323677  1.016228257
 0.037494500 1338.865899861  1.016371038
 0.037536600 1338.871028876  1.016517955
 0.037578700 1338.795693745  1.016678190
 0.037620800 1338.813823318  1.016834707
 0.037662900 1338.739479378  1.016991779
 0.037705000 1338.657594356  1.017143014
 0.037747200 1338.624828512  1.017301133
 0.037789300 1338.555167849  1.017457878
 0.037831500 1338.436868596  1.017612429
 0.037873700 1338.421751062  1.017762430
 0.037915900 1338.311469632  1.017909608
 0.037958200 1338.330856885  1.018070952
 0.038000400 1338.249851146  1.018226660
 0.038042700 1338.254362572  1.018391857
 0.038085000 1338.130205794  1.018541296
 0.038127300 1338.161391312  1.018700281
 0.038169600 1338.090679327  1.018866329
 0.038211900 1338.095512729  1.019013847
 0.038254200 1338.001609799  1.019168126
 0.038296600 1338.004283733  1.019315402
 0.038338900 1337.904472951  1.019466121
 0.038381300 1337.928230131  1.019636392
 0.038423700 1337.849008804  1.019790126
 0.038466000 1337.818921111  1.019952724
 0.038508400 1337.737936406  1.020100708
 0.038550800 1337.746337356  1.020258983
 0.038593200 1337.671158623  1.020412586
 0.038635600 1337.680200786  1.020576068
 0.038678000 1337.582887308  1.020714178
 0.038720500 1337.545395707  1.020862730
 0.038762900 1337.498300148  1.021022671
 0.038805400 1337.502403235  1.021182911
 0.038847800 1337.382399329  1.021335684
 0.038890300 1337.358616765  1.021487209
 0.038932800 1337.302970756  1.021642145
 0.038975300 1337.269144730  1.021794454
 0.039017800 1337.235578555  1.021955681
 0.039060300 1337.182879027  1.022099434
 0.039102800 1337.120574007  1.022247135
 0.039145300 1337.098879818  1.022404399
 0.039187900 1337.068822134  1.022567414
 0.039230400 1337.011981599  1.022729049
 0.039273000 1336.949452992  1.022878072
 0.039315600 1336.939663847  1.023035104
 0.039358200 1336.905021247  1.023196445
 0.039400800 1336.846181099  1.023342373
 0.039443400 1336.787718588  1.023497201
 0.039486000 1336.750432750  1.023645705
 0.039528700 1336.711143635  1.023799888
 0.039571300 1336.694473981  1.023962457
 0.039614000 1336.614257142  1.024117783
 0.039656700 1336.582573562  1.024273234
 0.039699400 1336.552759853  1.024428773
 0.039742100 1336.530805429  1.024587870
 0.039784900 1336.479236706  1.024735305
 0.039827600 1336.464409633  1.024895862
 0.039870400 1336.429003780  1.025046259
 0.039913200 1336.376500611  1.025195365
 0.039956000 1336.393905375  1.025357049
 0.039998800 1336.328285619  1.025503026
 0.040041600 1336.399583626  1.025663973
 0.040084500 1336.248733068  1.025808459
 0.040127300 1336.312473018  1.025963678
 0.040170200 1336.232455149  1.026116686
 0.040213100 1336.308296542  1.026287197
 0.040256000 1336.156458159  1.026431593
 0.040299000 1336.170294815  1.026591471
 0.040341900 1336.113625444  1.026754847
 0.040384800 1336.079633537  1.026898849
 0.040427800 1335.971951262  1.027045714
 0.040470700 1336.042495808  1.027217050
 0.040513700 1335.923436961  1.027352232
 0.040556600 1335.977283093  1.027509504
 0.040599600 1335.910341373  1.027669986
 0.040642600 1335.919007680  1.027829626
 0.040685600 1335.823661756  1.027981747
 0.040728600 1335.827778060  1.028131355
 0.040771600 1335.780292317  1.028290064
 0.040814600 1335.758667442  1.028436774
 0.040857600 1335.712250175  1.028587870
 0.040900700 1335.685490497  1.028750336
 0.040943700 1335.544609440  1.028885064
 0.040986800 1335.585528990  1.029053277
 0.041029800 1335.497706988  1.029222505
 0.041072900 1335.486834939  1.029370814
 0.041116000 1335.368822902  1.029519241
 0.041159100 1335.309204190  1.029666368
 0.041202200 1335.276537639  1.029828703
 0.041245300 1335.263048651  1.029988768
 0.041288500 1335.202248800  1.030146725
 0.041331600 1335.164794494  1.030293198
 0.041374700 1335.106747322  1.030442698
 0.041417900 1335.114898773  1.030604436
 0.041461100 1335.035927521  1.030757322
 0.041504300 1335.000129081  1.030901604
 0.041547500 1334.988046215  1.031065325
 0.041590700 1334.889181664  1.031215249
 0.041633900 1334.927599172  1.031382121
 0.041677200 1334.837825905  1.031528626
 0.041720400 1334.775627356  1.031672061
 0.041763700 1334.751057178  1.031833790
 0.041807000 1334.751631609  1.031997408
 0.041850300 1334.660910794  1.032149241
 0.041893600 1334.650298511  1.032299087
 0.041936900 1334.555414288  1.032446361
 0.041980200 1334.549684868  1.032606349
 0.042023600 1334.497316816  1.032758927
 0.042067000 1334.492434420  1.032921284
 0.042110300 1334.403849149  1.033068003
 0.042153800 1334.370400589  1.033214449
 0.042197200 1334.324266474  1.033379993
 0.042240600 1334.334282743  1.033534437
 0.042284100 1334.231764024  1.033679271
 0.042327500 1334.205093348  1.033842348
 0.042371000 1334.185721240  1.033992875
 0.042414500 1334.177411714  1.034152948
 0.042458000 1334.077626728  1.034308499
 0.042501500 1334.083799618  1.034458373
 0.042545000 1334.030315928  1.034616457
 0.042588600 1333.984793471  1.034771856
 0.042632100 1333.946471261  1.034926878
 0.042675600 1333.920652006  1.035076749
 0.042719200 1333.792233483  1.035222237
 0.042762700 1333.821916900  1.035385846
 0.042806300 1333.761285454  1.035537058
 0.042849900 1333.726427847  1.035694086
 0.042893500 1333.655330944  1.035840771
 0.042937000 1333.642370961  1.035994325
 0.042980600 1333.551637222  1.036151616
 0.043024200 1333.546620872  1.036302770
 0.043067900 1333.461995209  1.036447994
 0.043111500 1333.446604023  1.036610052
 0.043155100 1333.396679335  1.036757211
 0.043198700 1333.386169457  1.036923365
 0.043242400 1333.329419201  1.037070907
 0.043286100 1333.275389675  1.037214283
 0.043329700 1333.200217621  1.037377129
 0.043373400 1333.252435400  1.037537704
 0.043417100 1333.163249346  1.037687830
 0.043460800 1333.116960224  1.037838329
 0.043504500 1333.062423931  1.037982933
 0.043548200 1333.063658917  1.038146361
 0.043592000 1332.959707581  1.038300026
 0.043635700 1332.998232583  1.038463272
 0.043679500 1332.922564999  1.038611252
 0.043723300 1332.855698523  1.038753044
 0.043767000 1332.842266588  1.038918009
 0.043810800 1332.818688070  1.039073205
 0.043854600 1332.713111037  1.039219713
 0.043898500 1332.726923700  1.039378420
 0.043942300 1332.661207209  1.039528260
 0.043986100 1332.628728289  1.039685426
 0.044030000 1332.587754216  1.039836036
 0.044073900 1332.548388978  1.039986940
 0.044117800 1332.468611110  1.040147466
 0.044161700 1332.486253880  1.040299638
 0.044205600 1332.409520892  1.040457150
 0.044249500 1332.390498514  1.040601689
 0.044293400 1332.312072241  1.040745918
 0.044337400 1332.292340953  1.040910625
 0.044381400 1332.253751984  1.041061434
 0.044425400 1332.252696083  1.041222892
 0.044469400 1332.130194747  1.041370722
 0.044513400 1332.159139752  1.041523395
 0.044557400 1332.086605241  1.041680304
 0.044601500 1332.028276937  1.041830991
 0.044645500 1331.986914776  1.041978859
 0.044689600 1331.926687702  1.042137062
 0.044733700 1331.848260667  1.042289835
 0.044777800 1331.785196193  1.042447284
 0.044821900 1331.766925752  1.042598520
 0.044866000 1331.656374420  1.042743749
 0.044910100 1331.698413507  1.042908609
 0.044954200 1331.629859725  1.043063682
 0.044998400 1331.615241048  1.043215124
 0.045042500 1331.511125456  1.043362343
 0.045086600 1331.523890592  1.043513559
 0.045130800 1331.425330628  1.043671022
 0.045174900 1331.430444469  1.043821712
 0.045219100 1331.364924183  1.043973708
 0.045263300 1331.335647920  1.044125471
 0.045307500 1331.216455443  1.044267409
 0.045351600 1331.253328254  1.044435984
 0.045395800 1331.138788061  1.044586709
 0.045440000 1331.129261230  1.044728832
 0.045484300 1331.057355794  1.044886470
 0.045528500 1331.089112934  1.045040469
 0.045572700 1330.992971848  1.045196108
 0.045617000 1330.985601205  1.045349107
 0.045661200 1330.887902866  1.045489591
 0.045705500 1330.893010084  1.045652774
 0.045749800 1330.807418403  1.045806168
 0.045794000 1330.847979920  1.045969266
 0.045838300 1330.714623946  1.046113371
 0.045882600 1330.723268785  1.046256789
 0.045927000 1330.652152450  1.046414452
 0.045971300 1330.678658034  1.046571906
 0.046015600 1330.592404058  1.046730605
 0.046060000 1330.590531303  1.046880346
 0.046104300 1330.507044579  1.047025594
 0.046148700 1330.504052797  1.047185489
 0.046193100 1330.408906043  1.047335699
 0.046237500 1330.438902811  1.047490053
 0.046281900 1330.322704656  1.047644478
 0.046326300 1330.338907798  1.047791239
 0.046370800 1330.257960428  1.047947314
 0.046415200 1330.252919861  1.048098286
 0.046459700 1330.139325590  1.048241823
 0.046504200 1330.183506967  1.048406628
 0.046548600 1330.104384000  1.048558360
 0.046593100 1330.091048337  1.048709873
 0.046637700 1329.987154861  1.048857106
 0.046682200 1330.010199585  1.049011511
 0.046726700 1329.902207302  1.049165772
 0.046771300 1329.908921290  1.049316404
 0.046815900 1329.847984473  1.049470016
 0.046860400 1329.820092657  1.049621766
 0.046905000 1329.702234946  1.049763676
 0.046949700 1329.757173472  1.049931651
 0.046994300 1329.663843034  1.050078387
 0.047039000 1329.632462868  1.050224579
 0.047083600 1329.559547664  1.050382236
 0.047128300 1329.600220288  1.050536071
 0.047172900 1329.487104463  1.050688598
 0.047217600 1329.480186539  1.050841571
 0.047262300 1329.377530053  1.050980433
 0.047307000 1329.395144524  1.051141430
 0.047351700 1329.289079280  1.051293707
 0.047396400 1329.351433690  1.051452484
 0.047441100 1329.208113721  1.051598793
 0.047485800 1329.191020275  1.051739430
 0.047530500 1329.117363402  1.051895390
 0.047575300 1329.118496869  1.052051520
 0.047620000 1329.046438470  1.052208352
 0.047664700 1329.040464774  1.052356461
 0.047709500 1328.946255032  1.052500120
 0.047754300 1328.939082018  1.052656729
 0.047799000 1328.845102564  1.052806915
 0.047843800 1328.878083570  1.052957595
 0.047888600 1328.744479455  1.053110802
 0.047933400 1328.761204869  1.053257560
 0.047978200 1328.673714287  1.053413878
 0.048023000 1328.675694492  1.053564589
 0.048067800 1328.557984376  1.053706489
 0.048112700 1328.600678425  1.053871330
 0.048157500 1328.539476027  1.054024565
 0.048202400 1328.510569297  1.054174530
 0.048247200 1328.423023603  1.054321240
 0.048292100 1328.450468624  1.054475631
 0.048337000 1328.344541393  1.054631498
 0.048381900 1328.351087913  1.054782133
 0.048426800 1328.287794376  1.054934102
 0.048471700 1328.269617527  1.055083742
 0.048516700 1328.157018121  1.055227255
 0.048561600 1328.208555381  1.055393594
 0.048606500 1328.082615084  1.055541055
 0.048651500 1328.078629738  1.055684875
 0.048696500 1328.007064204  1.055842508
 0.048741500 1328.039405306  1.055996408
 0.048786500 1327.935133963  1.056148690
 0.048831500 1327.939832134  1.056299708
 0.048876500 1327.833519740  1.056438595
 0.048921500 1327.838225190  1.056600077
 0.048966600 1327.754992948  1.056753429
 0.049011600 1327.800773763  1.056910969
 0.049056700 1327.664391379  1.057055247
 0.049101800 1327.652925948  1.057197492
 0.049146900 1327.577324058  1.057353514
 0.049192000 1327.589612235  1.057505969
 0.049237100 1327.495301699  1.057661102
 0.049282300 1327.509136868  1.057810751
 0.049327400 1327.400102719  1.057953164
 0.049372600 1327.409485500  1.058110888
 0.049417800 1327.310726750  1.058259510
 0.049463000 1327.339965673  1.058413906
 0.049508200 1327.215756495  1.058565013
 0.049553400 1327.227961578  1.058710118
 0.049598600 1327.147024144  1.058866197
 0.049643900 1327.132909585  1.059013910
 0.049689100 1327.021068023  1.059157381
 0.049734400 1327.055165639  1.059318946
 0.049779600 1326.971779232  1.059469051
 0.049824900 1326.950140053  1.059616976
 0.049870100 1326.868072083  1.059765594
 0.049915400 1326.880752761  1.059916783
 0.049960700 1326.774581293  1.060070943
 0.050006000 1326.777224148  1.060219952
 0.050051300 1326.711216366  1.060371964
 0.050096600 1326.679484021  1.060522051
 0.050141900 1326.574030682  1.060661800
 0.050187200 1326.621875185  1.060828268
 0.050232500 1326.522303409  1.060971509
 0.050277900 1326.486503722  1.061116140
 0.050323200 1326.409447832  1.061272151
 0.050368600 1326.440275786  1.061422650
 0.050413900 1326.329088625  1.061575053
 0.050459300 1326.328911658  1.061724419
 0.050504700 1326.227951784  1.061863138
 0.050550100 1326.236925110  1.062020844
 0.050595400 1326.157431139  1.062175709
 0.050640900 1326.200419313  1.062329720
 0.050686300 1326.106804246  1.062476305
 0.050731700 1326.070598115  1.062614061
 0.050777100 1326.090121801  1.062774346
 0.050822600 1326.023175945  1.062922098
 0.050868000 1326.002980337  1.063074797
 0.050913500 1325.945271841  1.063223246
 0.050958900 1325.924498110  1.063373489
 0.051004400 1325.859899392  1.063526484
 0.051049900 1325.859599493  1.063674066
 0.051095400 1325.794544674  1.063818776
 0.051140900 1325.758120449  1.063976221
 0.051186400 1325.673213631  1.064124026
 0.051232000 1325.716725257  1.064281871
 0.051277500 1325.634913000  1.064426678
 0.051323100 1325.567869299  1.064570272
 0.051368700 1325.477182745  1.064728276
 0.051414200 1325.517074933  1.064883832
 0.051459800 1325.434961048  1.065029994
 0.051505400 1325.381008046  1.065177463
 0.051551000 1325.322006069  1.065320433
 0.051596700 1325.301446921  1.065475570
 0.051642300 1325.211818060  1.065627120
 0.051688000 1325.245630985  1.065779757
 0.051733600 1325.153086483  1.065930179
 0.051779300 1325.114990116  1.066072606
 0.051825000 1325.091111510  1.066223635
 0.051870700 1325.053335303  1.066370641
 0.051916400 1324.970631195  1.066520039
 0.051962100 1325.023522322  1.066670373
 0.052007900 1324.962360069  1.066824434
 0.052053600 1324.905136266  1.066967172
 0.052099400 1324.870967912  1.067115998
 0.052145200 1324.821053046  1.067270134
 0.052191000 1324.727457165  1.067408124
 0.052236800 1324.731061303  1.067572501
 0.052282600 1324.648957532  1.067720468
 0.052328400 1324.630638086  1.067855763
 0.052374200 1324.603432043  1.068009539
 0.052420000 1324.542748891  1.068158062
 0.052465900 1324.524396311  1.068306772
 0.052511700 1324.468274837  1.068460215
 0.052557500 1324.453260516  1.068615189
 0.052603400 1324.380209355  1.068757574
 0.052649300 1324.380468039  1.068912604
 0.052695100 1324.268084023  1.069049678
 0.052741000 1324.209292840  1.069201377
 0.052786900 1324.145336068  1.069365392
 0.052832800 1324.143260939  1.069510534
 0.052878600 1324.041642398  1.069660487
 0.052924500 1323.963408009  1.069805303
 0.052970500 1323.929926675  1.069955806
 0.053016400 1323.872329080  1.070107546
 0.053062300 1323.881752059  1.070250346
 0.053108200 1323.865776826  1.070405123
 0.053154200 1323.775222014  1.070545327
 0.053200100 1323.786947349  1.070697540
 0.053246100 1323.741444079  1.070844344
 0.053292000 1323.689983738  1.070997161
 0.053338000 1323.666383436  1.071142702
 0.053384000 1323.602166591  1.071298786
 0.053430000 1323.515408773  1.071444475
 0.053476000 1323.482821787  1.071589692
 0.053522000 1323.458494651  1.071737726
 0.053568000 1323.393708440  1.071887522
 0.053614100 1323.328479845  1.072038160
 0.053660100 1323.277403357  1.072199531
 0.053706100 1323.206471633  1.072334356
 0.053752200 1323.165385543  1.072486614
 0.053798300 1323.150994436  1.072646268
 0.053844400 1323.145280867  1.072786558
 0.053890400 1323.054200176  1.072919442
 0.053936500 1323.028183285  1.073078664
 0.053982700 1322.990367511  1.073227459
 0.054028800 1322.933854875  1.073376241
 0.054074900 1322.887409409  1.073517622
 0.054121100 1322.887837786  1.073675729
 0.054167200 1322.817435414  1.073820607
 0.054213400 1322.803076303  1.073973181
 0.054259600 1322.759006296  1.074109585
 0.054305700 1322.662487705  1.074260916
 0.054351900 1322.639070769  1.074421453
 0.054398200 1322.555297775  1.074553124
 0.054444400 1322.513282831  1.074706880
 0.054490600 1322.430143981  1.074858228
 0.054536900 1322.402418476  1.075004744
 0.054583100 1322.332524159  1.075158216
 0.054629400 1322.259325449  1.075297821
 0.054675700 1322.228226254  1.075452590
 0.054722000 1322.143988541  1.075608926
 0.054768300 1322.075993578  1.075744537
 0.054814600 1322.011509681  1.075901580
 0.054860900 1321.894856118  1.076043361
 0.054907300 1321.871135174  1.076198975
 0.054953700 1321.814439790  1.076345546
 0.055000000 1321.813208049  1.076500089
 0.055046400 1321.786099657  1.076644656
 0.055092800 1321.670990813  1.076783339
 0.055139100 1321.660128254  1.076933627
 0.055185500 1321.604215039  1.077086325
 0.055231900 1321.506273773  1.077233529
 0.055278300 1321.423623266  1.077383700
 0.055324700 1321.367139569  1.077535048
 0.055371100 1321.345716306  1.077694901
 0.055417600 1321.254082796  1.077834927
 0.055464000 1321.225036982  1.077983452
 0.055510400 1321.155609695  1.078122721
 0.055556900 1321.145758953  1.078274270
 0.055603300 1321.079807337  1.078422173
 0.055649800 1321.035861526  1.078571579
 0.055696200 1320.999774776  1.078725531
 0.055742700 1320.984689099  1.078876820
 0.055789200 1320.896342743  1.079021641
 0.055835700 1320.858490412  1.079165368
 0.055882100 1320.817855555  1.079307371
 0.055928600 1320.774638735  1.079461548
 0.055975100 1320.742508697  1.079613888
 0.056021700 1320.704121971  1.079764705
 0.056068200 1320.665571121  1.079913666
 0.056114700 1320.556582710  1.080056734
 0.056161300 1320.543533947  1.080208689
 0.056207800 1320.497711586  1.080348763
 0.056254400 1320.489584632  1.080509245
 0.056300900 1320.386848726  1.080643896
 0.056347500 1320.364971279  1.080792151
 0.056394100 1320.331400720  1.080943032
 0.056440700 1320.269215381  1.081088796
 0.056487300 1320.193441664  1.081233079
 0.056533900 1320.164388341  1.081385089
 0.056580500 1320.133730104  1.081537562
 0.056627200 1320.089824283  1.081684598
 0.056673800 1320.022145830  1.081820254
 0.056720500 1320.001081054  1.081970286
 0.056767100 1319.936623629  1.082116237
 0.056813800 1319.878470702  1.082264250
 0.056860500 1319.820761159  1.082413454
 0.056907200 1319.786669221  1.082560387
 0.056953900 1319.736223709  1.082707608
 0.057000600 1319.700257132  1.082854857
 0.057047300 1319.668504406  1.082998138
 0.057094000 1319.603846833  1.083142571
 0.057140800 1319.553174529  1.083284603
 0.057187500 1319.523719438  1.083434912
 0.057234300 1319.470973681  1.083582776
 0.057281100 1319.421117453  1.083733503
 0.057327800 1319.377621711  1.083880382
 0.057374600 1319.312960595  1.084026266
 0.057421500 1319.295102436  1.084181822
 0.057468300 1319.227572733  1.084322699
 0.057515100 1319.186648278  1.084464549
 0.057561900 1319.145877542  1.084611622
 0.057608800 1319.095511719  1.084759277
 0.057655700 1319.026876491  1.084907464
 0.057702500 1318.978245800  1.085053943
 0.057749400 1318.917362276  1.085201934
 0.057796300 1318.905963318  1.085355243
 0.057843300 1318.848970210  1.085492361
 0.057890200 1318.802962490  1.085637895
 0.057937100 1318.757176239  1.085785013
 0.057984000 1318.680947307  1.085930020
 0.058031000 1318.673509559  1.086085089
 0.058077900 1318.605844871  1.086227085
 0.058124900 1318.535008627  1.086371357
 0.058171800 1318.518713589  1.086525157
 0.058218800 1318.455406424  1.086662417
 0.058265800 1318.429236439  1.086816242
 0.058312800 1318.373494148  1.086960103
 0.058359700 1318.329790772  1.087107554
 0.058406700 1318.293082703  1.087254910
 0.058453700 1318.236838144  1.087403372
 0.058500700 1318.166704734  1.087556940
 0.058547700 1318.167529787  1.087699195
 0.058594800 1318.075991471  1.087840879
 0.058641800 1318.039504162  1.087982612
 0.058688800 1318.019834924  1.088137865
 0.058735800 1317.935927007  1.088279430
 0.058782900 1317.920205816  1.088431326
 0.058829900 1317.868824879  1.088576788
 0.058877000 1317.799539787  1.088729587
 0.058924100 1317.752844068  1.088870014
 0.058971100 1317.714996798  1.089008163
 0.059018200 1317.662904085  1.089159321
 0.059065300 1317.608196404  1.089303172
 0.059112400 1317.580759872  1.089450015
 0.059159500 1317.551083043  1.089602518
 0.059206600 1317.487539992  1.089746386
 0.059253800 1317.419861755  1.089894015
 0.059300900 1317.410905985  1.090040102
 0.059348000 1317.329065837  1.090181588
 0.059395200 1317.292631167  1.090332230
 0.059442300 1317.256981993  1.090475573
 0.059489500 1317.205777034  1.090619582
 0.059536700 1317.150565882  1.090765593
 0.059583900 1317.094557765  1.090911460
 0.059631100 1317.063639962  1.091062802
 0.059678300 1316.987881997  1.091205928
 0.059725500 1316.944203730  1.091349609
 0.059772700 1316.892601616  1.091488315
 0.059819900 1316.863555448  1.091633237
 0.059867200 1316.801306525  1.091781015
 0.059914400 1316.736881651  1.091923896
 0.059961700 1316.730164075  1.092078794
 0.060008900 1316.667407229  1.092222570
 0.060056200 1316.577118043  1.092360362
 0.060103500 1316.564638338  1.092512214
 0.060150800 1316.494107627  1.092644322
 0.060198100 1316.447832340  1.092796975
 0.060245400 1316.387400179  1.092939303
 0.060292800 1316.353915618  1.093084691
 0.060340100 1316.308641903  1.093232209
 0.060387400 1316.234560901  1.093374198
 0.060434800 1316.167155754  1.093518720
 0.060482200 1316.171560184  1.093669817
 0.060529600 1316.079885303  1.093807970
 0.060577000 1316.029435470  1.093953621
 0.060624400 1315.994434842  1.094096885
 0.060671800 1315.946013234  1.094242851
 0.060719200 1315.884796494  1.094387130
 0.060766600 1315.811445622  1.094527557
 0.060814100 1315.769005810  1.094674490
 0.060861500 1315.733136054  1.094825259
 0.060909000 1315.671842543  1.094967828
 0.060956500 1315.616440269  1.095104710
 0.061004000 1315.576654461  1.095251756
 0.061051500 1315.518327296  1.095396109
 0.061099000 1315.463187146  1.095542201
 0.061146500 1315.419331075  1.095685069
 0.061194000 1315.370998486  1.095843210
 0.061241500 1315.305521117  1.095978598
 0.061289000 1315.248937464  1.096115733
 0.061336600 1315.199386768  1.096254297
 0.061384100 1315.174382341  1.096413210
 0.061431600 1315.119900496  1.096557426
 0.061479200 1315.108319374  1.096698180
 0.061526700 1315.075154826  1.096831991
 0.061574300 1315.004995489  1.096976135
 0.061621900 1314.970158878  1.097115268
 0.061669400 1314.924540362  1.097258605
 0.061717000 1314.869918295  1.097407715
 0.061764600 1314.818681902  1.097549854
 0.061812200 1314.806920897  1.097702870
 0.061859800 1314.765558628  1.097844751
 0.061907400 1314.682233138  1.097978777
 0.061955000 1314.614491055  1.098119237
 0.062002600 1314.630441110  1.098273703
 0.062050200 1314.574801370  1.098412542
 0.062097900 1314.531023118  1.098556364
 0.062145500 1314.450972396  1.098693089
 0.062193200 1314.442885370  1.098842425
 0.062240800 1314.322602949  1.098975754
 0.062288500 1314.328226871  1.099137711
 0.062336200 1314.191136570  1.099279665
 0.062383800 1314.115913824  1.099415934
 0.062431500 1314.019884646  1.099563938
 0.062479200 1314.038942187  1.099709948
 0.062526900 1313.933137207  1.099846036
 0.062574600 1313.932558656  1.099982543
 0.062622400 1313.893845776  1.100128138
 0.062670100 1313.866373020  1.100274911
 0.062717800 1313.826684147  1.100418502
 0.062765600 1313.784770528  1.100566190
 0.062813300 1313.715476886  1.100710268
 0.062861100 1313.587669313  1.100838404
 0.062908900 1313.522294109  1.100979522
 0.062956600 1313.434353864  1.101126219
 0.063004400 1313.348140040  1.101272783
 0.063052200 1313.303682139  1.101419813
 0.063100000 1313.231427988  1.101559552
 0.063147900 1313.200736029  1.101698298
 0.063195700 1313.149678333  1.101837298
 0.063243500 1313.069333355  1.101980261
 0.063291400 1313.007681048  1.102126258
 0.063339200 1312.960225860  1.102264868
 0.063387100 1312.945590561  1.102420024
 0.063435000 1312.859114036  1.102554763
 0.063482800 1312.783676707  1.102686138
 0.063530700 1312.751917943  1.102831567
 0.063578600 1312.648875079  1.102976928
 0.063626500 1312.614429429  1.103120316
 0.063674500 1312.568176316  1.103258912
 0.063722400 1312.530616902  1.103402328
 0.063770300 1312.484438373  1.103549724
 0.063818300 1312.399131110  1.103678336
 0.063866300 1312.348199573  1.103824236
 0.063914200 1312.250949942  1.103969516
 0.063962200 1312.213052521  1.104111019
 0.064010200 1312.180248410  1.104254828
 0.064058200 1312.141456288  1.104398015
 0.064106200 1312.046344009  1.104528882
 0.064154300 1311.997516736  1.104670995
 0.064202300 1311.944586335  1.104818566
 0.064250300 1311.885112722  1.104966380
 0.064298400 1311.842950413  1.105106198
 0.064346400 1311.833739306  1.105258305
 0.064394500 1311.736012483  1.105381285
 0.064442600 1311.668590830  1.105522547
 0.064490600 1311.614192440  1.105664755
 0.064538700 1311.552458458  1.105817816
 0.064586800 1311.488803258  1.105958740
 0.064634900 1311.457107253  1.106101923
 0.064683000 1311.417701584  1.106244212
 0.064731100 1311.337135745  1.106373852
 0.064779200 1311.268860406  1.106515067
 0.064827300 1311.229060849  1.106667339
 0.064875400 1311.167180303  1.106808089
 0.064923500 1311.114803077  1.106952121
 0.064971700 1311.072773751  1.107086752
 0.065019800 1311.038474802  1.107234082
 0.065068000 1310.944449955  1.107362690
 0.065116100 1310.888918774  1.107508713
 0.065164300 1310.828934542  1.107652814
 0.065212400 1310.777838057  1.107796626
 0.065260600 1310.740907518  1.107940363
 0.065308800 1310.707237604  1.108078251
 0.065357000 1310.637899364  1.108215341
 0.065405200 1310.567314359  1.108351035
 0.065453300 1310.491595668  1.108497545
 0.065501600 1310.470583291  1.108645908
 0.065549800 1310.405823552  1.108784611
 0.065598000 1310.365737341  1.108934059
 0.065646200 1310.341618779  1.109074780
 0.065694500 1310.257700955  1.109201987
 0.065742700 1310.172337235  1.109339879
 0.065790900 1310.105220391  1.109487692
 0.065839200 1310.071997513  1.109631305
 0.065887500 1310.032557199  1.109778174
 0.065935700 1309.972481785  1.109915794
 0.065984000 1309.932793874  1.110051249
 0.066032300 1309.870961761  1.110192363
 0.066080600 1309.808146769  1.110334783
 0.066128900 1309.742377169  1.110479084
 0.066177200 1309.700644388  1.110619333
 0.066225600 1309.661442364  1.110764478
 0.066273900 1309.575362015  1.110901090
 0.066322200 1309.546555362  1.111045334
 0.066370600 1309.481205561  1.111177510
 0.066418900 1309.377638977  1.111322815
 0.066467300 1309.354886638  1.111463984
 0.066515700 1309.284454195  1.111599669
 0.066564100 1309.249269834  1.111750255
 0.066612400 1309.209186949  1.111886278
 0.066660800 1309.147723190  1.112021758
 0.066709200 1309.091748516  1.112160604
 0.066757700 1308.968070152  1.112295902
 0.066806100 1308.946806676  1.112444474
 0.066854500 1308.892127470  1.112581302
 0.066903000 1308.834454937  1.112720638
 0.066951400 1308.759035293  1.112859109
