 0.000000005 427683.739686291 129.011048714
 0.000000022 73776.684402875 20.195369960
 0.000000079 34148.926091000  8.314119202
 0.000000274 22220.613223752  5.325997784
 0.000000933 15221.314346842  3.924817795
 0.000003142 10580.213034406  2.981072944
 0.000006582 8547.095110322  2.541795542
 0.000010083 7364.817946275  2.258524559
 0.000013646 6550.199478260  2.056532156
 0.000017271 6015.636943232  1.926024356
 0.000020958 5611.686620192  1.826597783
 0.000024706 5295.023287556  1.748090036
 0.000028515 5070.515951169  1.694302556
 0.000032386 4886.809693016  1.650744698
 0.000036321 4742.387481002  1.617287745
 0.000040319 4622.354049313  1.589876394
 0.000044382 4519.235626703  1.566470552
 0.000048508 4430.214144016  1.546567477
 0.000052699 4350.789320797  1.528807971
 0.000056955 4277.298428666  1.512222578
 0.000061278 4212.955758645  1.498004564
 0.000065668 4152.503677353  1.484494552
 0.000070127 4097.836473109  1.472397071
 0.000074657 4045.580616576  1.460717294
 0.000079260 3996.770293799  1.449823551
 0.000083939 3951.601745382  1.439796585
 0.000088696 3908.502205372  1.430186440
 0.000093534 3870.809226708  1.422087396
 0.000098457 3828.442336653  1.412312870
 0.000103469 3795.670088075  1.405402190
 0.000108573 3755.155683305  1.395932206
 0.000113773 3720.843827013  1.388274941
 0.000119074 3686.103208580  1.380413131
 0.000124481 3655.665499705  1.373717254
 0.000129999 3625.735545283  1.367130359
 0.000135635 3596.535198564  1.360673983
 0.000141396 3568.553522196  1.354532737
 0.000147273 3546.748458142  1.350169284
 0.000153205 3515.374225977  1.342890987
 0.000159186 3489.514991079  1.337140118
 0.000165216 3463.868302685  1.331397475
 0.000171299 3445.345354970  1.327803854
 0.000177435 3413.802822734  1.320061897
 0.000183628 3389.332194155  1.314467303
 0.000189880 3364.942428055  1.308877801
 0.000196195 3340.961812174  1.303327891
 0.000202575 3323.421824135  1.299755253
 0.000209023 3298.919316340  1.293953440
 0.000215544 3270.434933153  1.286677584
 0.000222139 3247.989654029  1.281157545
 0.000228813 3226.283295439  1.275784089
 0.000235569 3204.213784757  1.270579857
 0.000242411 3182.040645276  1.265421266
 0.000249344 3161.660468446  1.260867830
 0.000256373 3136.648909331  1.254873604
 0.000263503 3114.290920638  1.249603134
 0.000270740 3092.307456907  1.244380294
 0.000278083 3070.773715285  1.239258472
 0.000285482 3049.577157507  1.234152994
 0.000292931 3028.755802334  1.229176188
 0.000300429 3008.395359704  1.224292297
 0.000307978 2988.110287530  1.219416755
 0.000315579 2968.473188283  1.214713695
 0.000323235 2949.358264074  1.210115255
 0.000330948 2930.580745798  1.205621759
 0.000338722 2912.460021114  1.201293560
 0.000346558 2894.783248809  1.197043708
 0.000354461 2877.698095736  1.192940580
 0.000362433 2861.237719907  1.189002684
 0.000370477 2845.271216017  1.185160424
 0.000378597 2829.935585858  1.181480598
 0.000386795 2814.706650295  1.177922856
 0.000395076 2800.026454068  1.174456959
 0.000403442 2786.117164172  1.171193680
 0.000411900 2772.236452722  1.167919621
 0.000420449 2759.107547417  1.164839717
 0.000429063 2746.571462503  1.161924833
 0.000437730 2739.057541866  1.160518165
 0.000446450 2724.888019299  1.157009610
 0.000455222 2712.064951338  1.153920950
 0.000464047 2701.291278995  1.151424647
 0.000472924 2693.035024754  1.149695647
 0.000481856 2680.424377601  1.146625293
 0.000490844 2674.645089778  1.145621892
 0.000499890 2662.891151188  1.142732614
 0.000508997 2651.307560576  1.139932110
 0.000518168 2645.684950726  1.138947401
 0.000527405 2632.563102112  1.135610674
 0.000536710 2623.376018439  1.133503143
 0.000546086 2614.632086336  1.131502417
 0.000555537 2605.863716364  1.129487021
 0.000565066 2597.533964219  1.127604529
 0.000574667 2588.830520623  1.125561990
 0.000584322 2582.211115129  1.124178504
 0.000594033 2572.369118786  1.121814644
 0.000603800 2567.501030962  1.120940464
 0.000613622 2556.808761960  1.118268066
 0.000623499 2548.320257111  1.116268639
 0.000633431 2542.207662685  1.115013639
 0.000643418 2532.568866062  1.112634179
 0.000653460 2524.701590371  1.110770628
 0.000663559 2516.811068152  1.108944243
 0.000673716 2509.454226152  1.107249939
 0.000683934 2500.576225675  1.105059043
 0.000694215 2491.905183875  1.102943114
 0.000704562 2483.941668368  1.101060006
 0.000714965 2476.472322770  1.099296710
 0.000725420 2468.263419267  1.097305967
 0.000735928 2460.514800484  1.095459304
 0.000746492 2455.426690074  1.094432725
 0.000757112 2446.833797030  1.092286850
 0.000767789 2439.197329898  1.090468655
 0.000778524 2430.707602866  1.088366408
 0.000789317 2423.517793662  1.086655051
 0.000800169 2418.584983347  1.085661918
 0.000811078 2409.707417165  1.083428209
 0.000822046 2402.604056445  1.081712775
 0.000833063 2397.576524288  1.080653757
 0.000844126 2389.619253269  1.078700921
 0.000855236 2385.708677366  1.077995290
 0.000866395 2377.450328215  1.075904921
 0.000877603 2371.331584839  1.074484658
 0.000888862 2366.292543956  1.073404171
 0.000900174 2359.368234828  1.071746813
 0.000911541 2355.734275211  1.071079136
 0.000922964 2347.848327546  1.069103160
 0.000934445 2342.061519186  1.067779283
 0.000945985 2336.511312405  1.066535867
 0.000957585 2330.543375992  1.065133698
 0.000969239 2325.825068446  1.064136471
 0.000980934 2319.163049181  1.062536963
 0.000992673 2315.282676349  1.061805379
 0.001004460 2308.268601214  1.060065626
 0.001016290 2302.272558078  1.058658326
 0.001028160 2297.827935957  1.057727680
 0.001040080 2291.073816814  1.056089048
 0.001052060 2287.400594643  1.055393945
 0.001064080 2280.105815967  1.053579402
 0.001076150 2274.328017527  1.052231408
 0.001088280 2269.532012561  1.051196741
 0.001100470 2263.157216084  1.049666769
 0.001112710 2259.338073350  1.048936984
 0.001125010 2252.301445249  1.047181161
 0.001137370 2246.937459173  1.045957446
 0.001149760 2241.907950988  1.044846736
 0.001162190 2236.420721259  1.043587839
 0.001174660 2232.125951560  1.042674554
 0.001187180 2226.207504353  1.041292016
 0.001199740 2222.567906515  1.040591369
 0.001212350 2216.479350159  1.039128873
 0.001225010 2211.209900479  1.037926554
 0.001237720 2207.382147188  1.037159421
 0.001250470 2201.595317616  1.035820250
 0.001263280 2198.448182602  1.035252417
 0.001276140 2192.570036354  1.033850994
 0.001289060 2187.902780590  1.032823509
 0.001302030 2184.182138254  1.032091926
 0.001315060 2179.056943331  1.030922732
 0.001328120 2176.043940982  1.030403714
 0.001341220 2170.420854073  1.029077381
 0.001354370 2166.050074847  1.028146751
 0.001367550 2162.075981377  1.027317478
 0.001380780 2157.800312262  1.026397644
 0.001394050 2154.400019352  1.025755581
 0.001407370 2149.736095153  1.024730716
 0.001420730 2147.008005375  1.024269692
 0.001434140 2142.198578416  1.023185034
 0.001447610 2138.196856858  1.022340219
 0.001461120 2135.085686652  1.021784005
 0.001474680 2130.768287893  1.020845389
 0.001488300 2128.147799633  1.020444810
 0.001501980 2123.444696064  1.019389796
 0.001515690 2119.655749991  1.018601723
 0.001529440 2116.812550616  1.018118634
 0.001543220 2112.691879861  1.017231052
 0.001557050 2110.298345358  1.016887180
 0.001570920 2105.870637726  1.015904386
 0.001584830 2102.433761330  1.015221976
 0.001598780 2099.144859903  1.014608697
 0.001612780 2095.522612515  1.013876988
 0.001626830 2092.653034978  1.013355097
 0.001640920 2088.741167443  1.012539916
 0.001655060 2086.240056224  1.012145394
 0.001669260 2082.023547807  1.011220782
 0.001683500 2078.389364381  1.010471323
 0.001697790 2075.747036049  1.010028225
 0.001712120 2071.789322292  1.009181667
 0.001726490 2069.528138697  1.008847790
 0.001740900 2065.492855488  1.007978954
 0.001755340 2062.100338292  1.007303267
 0.001769820 2059.309182860  1.006806721
 0.001784350 2055.580704849  1.006038909
 0.001798910 2053.345002321  1.005720187
 0.001813520 2049.315269756  1.004844701
 0.001828180 2046.965236725  1.004486999
 0.001842870 2043.032020851  1.003634784
 0.001857620 2040.910713454  1.003340602
 0.001872410 2037.231881464  1.002584549
 0.001887260 2034.006470685  1.001938407
 0.001902150 2031.098508776  1.001416525
 0.001917080 2027.984181497  1.000780430
 0.001932050 2025.210823767  1.000295631
 0.001947050 2022.020090801  0.999680892
 0.001962090 2019.287787599  0.999194321
 0.001977160 2016.302935490  0.998638876
 0.001992280 2013.689049287  0.998180777
 0.002007430 2011.473881958  0.997848855
 0.002022630 2007.930956837  0.997122423
 0.002037870 2006.013751062  0.996870271
 0.002053150 2002.441976226  0.996135400
 0.002068480 2000.276203644  0.995791296
 0.002083860 1997.098875016  0.995172984
 0.002099280 1994.873708752  0.994837929
 0.002114760 1991.819386341  0.994229046
 0.002130270 1989.258966371  0.993788941
 0.002145820 1986.410238630  0.993281275
 0.002161400 1984.053929923  0.992867148
 0.002177020 1982.110999581  0.992616922
 0.002192670 1978.862033281  0.991965014
 0.002208360 1976.973013499  0.991730116
 0.002224090 1973.790835121  0.991101293
 0.002239860 1971.762543602  0.990788229
 0.002255670 1968.799002849  0.990208934
 0.002271520 1966.549152190  0.989881570
 0.002287420 1963.796486220  0.989340452
 0.002303350 1961.511115256  0.988981314
 0.002319340 1958.924509674  0.988522098
 0.002335370 1956.691558778  0.988173430
 0.002351440 1954.970006346  0.987972311
 0.002367560 1952.108068191  0.987405921
 0.002383710 1950.383438911  0.987212489
 0.002399900 1947.532360992  0.986657634
 0.002416110 1945.582865997  0.986387847
 0.002432370 1942.940282414  0.985909038
 0.002448660 1940.952344173  0.985626869
 0.002464990 1938.478814343  0.985169790
 0.002481350 1936.417078506  0.984865844
 0.002497760 1933.989159171  0.984459315
 0.002514210 1931.836990802  0.984109005
 0.002530690 1930.161966723  0.983934029
 0.002547220 1927.494081861  0.983402232
 0.002563800 1925.961683760  0.983261804
 0.002580420 1923.257911965  0.982747446
 0.002597080 1921.489987255  0.982510555
 0.002613790 1919.007197004  0.982088184
 0.002630520 1917.188722312  0.981830347
 0.002647290 1914.681803448  0.981400274
 0.002664090 1912.865652570  0.981123576
 0.002680930 1910.720986677  0.980769856
 0.002697810 1908.742076944  0.980488596
 0.002714720 1907.189642702  0.980325065
 0.002731670 1904.801711330  0.979890042
 0.002748650 1903.279530404  0.979753198
 0.002765680 1900.875693873  0.979305637
 0.002782740 1899.190164127  0.979091520
 0.002799850 1896.917746381  0.978720807
 0.002817000 1895.299723013  0.978506791
 0.002834190 1893.142309459  0.978160310
 0.002851430 1891.339732924  0.977908521
 0.002868700 1889.221777172  0.977574294
 0.002886010 1887.390232746  0.977310454
 0.002903340 1885.916976474  0.977150066
 0.002920720 1883.488039556  0.976729477
 0.002938120 1882.185872038  0.976604148
 0.002955560 1879.918710645  0.976217567
 0.002973040 1878.346118720  0.976035294
 0.002990550 1876.207837819  0.975682055
 0.003008100 1874.741060327  0.975507604
 0.003025690 1872.685491360  0.975179051
 0.003043320 1870.857640311  0.974944777
 0.003060990 1869.051927650  0.974664362
 0.003078700 1867.355915528  0.974443005
 0.003096450 1866.014006275  0.974327000
 0.003114240 1863.835210934  0.973947820
 0.003132070 1862.628997725  0.973859116
 0.003149930 1860.476013029  0.973487989
 0.003167820 1858.921552479  0.973336426
 0.003185740 1857.106987351  0.973046909
 0.003203700 1855.657561991  0.972892480
 0.003221690 1853.800640982  0.972627044
 0.003239720 1852.317971429  0.972436484
 0.003257780 1850.511277426  0.972181668
 0.003275880 1848.929800296  0.971983078
 0.003294020 1847.664017275  0.971871697
 0.003312190 1845.517812312  0.971524377
 0.003330400 1844.294178681  0.971421788
 0.003348650 1842.264952215  0.971098813
 0.003366950 1840.954912387  0.970971006
 0.003385280 1839.122127363  0.970691443
 0.003403650 1837.821221446  0.970562378
 0.003422050 1836.084425604  0.970330943
 0.003440480 1834.574471738  0.970158821
 0.003458950 1832.924545629  0.969962425
 0.003477440 1831.486080091  0.969778651
 0.003495970 1830.265922071  0.969703967
 0.003514530 1828.511438050  0.969400662
 0.003533130 1827.386153686  0.969341375
 0.003551760 1825.579294070  0.969080953
 0.003570430 1824.234546705  0.968941530
 0.003589140 1822.494378597  0.968709002
 0.003607880 1821.167554896  0.968574215
 0.003626660 1819.443368203  0.968339348
 0.003645480 1818.078811631  0.968202571
 0.003664340 1816.492203352  0.968004327
 0.003683240 1815.108824226  0.967851749
 0.003702170 1814.017692729  0.967792910
 0.003721130 1812.398991796  0.967550586
 0.003740120 1811.262567979  0.967495404
 0.003759140 1809.562478658  0.967232265
 0.003778200 1808.337749394  0.967142977
 0.003797290 1806.772625974  0.966923411
 0.003816410 1805.571872038  0.966837047
 0.003835560 1804.038448740  0.966636861
 0.003854750 1802.835027627  0.966507555
 0.003873970 1801.378779517  0.966324577
 0.003893230 1800.083180686  0.966218261
 0.003912530 1798.990193077  0.966169574
 0.003931860 1797.410636980  0.965923736
 0.003951230 1796.395231045  0.965890512
 0.003970640 1794.781517142  0.965647688
 0.003990090 1793.670322287  0.965580970
 0.004009570 1792.242184342  0.965408953
 0.004029080 1791.146697083  0.965344209
 0.004048620 1789.704625923  0.965153002
 0.004068190 1788.501720680  0.965070485
 0.004087790 1787.146596177  0.964906862
 0.004107420 1785.930834099  0.964798338
 0.004127080 1784.922104628  0.964775912
 0.004146780 1783.428012678  0.964570180
 0.004166510 1782.359103011  0.964517190
 0.004186280 1780.896694141  0.964335945
 0.004206080 1779.849708231  0.964276451
 0.004225910 1778.483044240  0.964112575
 0.004245780 1777.458557494  0.964054782
 0.004265690 1776.214976898  0.963908662
 0.004285640 1775.117269966  0.963840101
 0.004305620 1773.789300939  0.963698033
 0.004325630 1772.698344769  0.963623081
 0.004345680 1771.796480124  0.963604621
 0.004365750 1770.343375730  0.963411448
 0.004385860 1769.508749148  0.963413187
 0.004405990 1768.059518647  0.963206854
 0.004426150 1767.089419969  0.963173882
 0.004446350 1765.808575628  0.963013435
 0.004466580 1764.864469122  0.962969986
 0.004486840 1763.660314793  0.962842270
 0.004507130 1762.675067444  0.962781486
 0.004527450 1761.419851289  0.962676161
 0.004547810 1760.393991425  0.962608211
 0.004568210 1759.534812241  0.962616965
 0.004588640 1758.176124066  0.962458240
 0.004609110 1757.478994002  0.962474746
 0.004629610 1756.012529000  0.962297807
 0.004650150 1755.112538045  0.962270026
 0.004670720 1753.879243658  0.962142579
 0.004691320 1752.966426796  0.962101832
 0.004711940 1751.766357984  0.961972183
 0.004732600 1750.843579982  0.961926886
 0.004753280 1749.675265196  0.961819163
 0.004774000 1748.661563244  0.961764413
 0.004794740 1747.814398948  0.961753000
 0.004815520 1746.528140444  0.961618215
 0.004836320 1745.753827807  0.961632688
 0.004857160 1744.458431088  0.961477275
 0.004878040 1743.578559160  0.961453596
 0.004898940 1742.439312121  0.961358943
 0.004919890 1741.547680818  0.961335714
 0.004940860 1740.455033210  0.961246659
 0.004961870 1739.576953626  0.961204396
 0.004982920 1738.490099585  0.961124108
 0.005004000 1737.561582722  0.961081499
 0.005025110 1736.733543160  0.961092029
 0.005046250 1735.554852275  0.960958677
 0.005067410 1734.896265151  0.960993259
 0.005088610 1733.593446561  0.960848759
 0.005109830 1732.786281119  0.960845587
 0.005131080 1731.639560797  0.960748084
 0.005152360 1730.802579735  0.960719680
 0.005173670 1729.715497294  0.960636242
 0.005195010 1728.905352617  0.960610378
 0.005216390 1727.877568586  0.960548380
 0.005237790 1727.066544307  0.960537642
 0.005259230 1726.400565079  0.960563846
 0.005280700 1725.227422793  0.960440010
 0.005302210 1724.564808550  0.960490125
 0.005323750 1723.353054440  0.960360729
 0.005345320 1722.550202160  0.960369828
 0.005366930 1721.487517063  0.960285101
 0.005388570 1720.708126215  0.960278765
 0.005410240 1719.744485966  0.960213028
 0.005431930 1718.968131636  0.960191680
 0.005453650 1718.007986695  0.960132848
 0.005475400 1717.141415346  0.960106609
 0.005497180 1716.426351175  0.960125624
 0.005518980 1715.334932017  0.960033978
 0.005540820 1714.686228782  0.960070448
 0.005562680 1713.624160547  0.959961881
 0.005584580 1712.906682582  0.959972346
 0.005606500 1711.893041503  0.959893860
 0.005628460 1711.183861722  0.959919525
 0.005650450 1710.193362483  0.959852891
 0.005672470 1709.443111115  0.959859317
 0.005694530 1708.509680987  0.959813546
 0.005716620 1707.786858616  0.959801470
 0.005738740 1707.172078601  0.959840847
 0.005760900 1706.116824186  0.959745869
 0.005783080 1705.513429678  0.959798923
 0.005805290 1704.436050516  0.959700711
 0.005827530 1703.710594941  0.959718508
 0.005849800 1702.792696117  0.959667124
 0.005872090 1702.142469147  0.959679425
 0.005894410 1701.237434913  0.959630021
 0.005916750 1700.463797078  0.959622651
 0.005939130 1699.613596455  0.959595951
 0.005961530 1698.844560226  0.959596981
 0.005983970 1698.211349996  0.959636625
 0.006006430 1697.218285235  0.959573985
 0.006028930 1696.709479897  0.959631955
 0.006051450 1695.686380611  0.959555672
 0.006074010 1695.018350586  0.959587514
 0.006096600 1694.045381386  0.959534028
 0.006119220 1693.428696086  0.959562261
 0.006141880 1692.497502377  0.959518388
 0.006164570 1691.884383033  0.959534686
 0.006187290 1691.075363539  0.959512687
 0.006210040 1690.407958506  0.959526740
 0.006232810 1689.878578082  0.959576069
 0.006255600 1688.922838845  0.959501106
 0.006278430 1688.372147703  0.959568401
 0.006301280 1687.419055778  0.959503656
 0.006324160 1686.792494836  0.959530884
 0.006347060 1686.002033745  0.959506789
 0.006369990 1685.352626144  0.959541283
 0.006392950 1684.566639287  0.959523513
 0.006415940 1683.922469364  0.959535589
 0.006438960 1683.170443241  0.959529152
 0.006462010 1682.452948663  0.959543020
 0.006485090 1681.911798008  0.959608302
 0.006508200 1680.954362738  0.959558937
 0.006531350 1680.447287225  0.959623214
 0.006554520 1679.495695212  0.959564265
 0.006577730 1678.952932254  0.959606615
 0.006600970 1678.087820870  0.959576647
 0.006624240 1677.526480359  0.959615754
 0.006647540 1676.690664723  0.959597551
 0.006670860 1676.141111783  0.959631873
 0.006694200 1675.352049946  0.959623111
 0.006717570 1674.773873275  0.959657697
 0.006740970 1674.252051560  0.959719085
 0.006764390 1673.433463128  0.959687652
 0.006787840 1672.967577836  0.959766916
 0.006811320 1672.075133528  0.959714403
 0.006834820 1671.507860791  0.959759878
 0.006858350 1670.755581883  0.959751603
 0.006881910 1670.159100633  0.959788694
 0.006905500 1669.488235254  0.959788869
 0.006929120 1668.864712849  0.959830009
 0.006952770 1668.219251880  0.959836299
 0.006976460 1667.483892094  0.959846813
 0.007000170 1666.894295889  0.959865622
 0.007023910 1666.186515138  0.959884680
 0.007047690 1665.624796782  0.959906679
 0.007071490 1665.170627863  0.959987404
 0.007095330 1664.466158532  0.959986200
 0.007119190 1663.758202451  0.959982439
 0.007143070 1663.123111009  0.960006161
 0.007166970 1662.479523391  0.960025290
 0.007190900 1662.064934262  0.960118856
 0.007214860 1661.359790038  0.960119039
 0.007238840 1660.746558822  0.960136952
 0.007262850 1660.045887543  0.960148575
 0.007286890 1659.494913768  0.960180590
 0.007310950 1658.807603292  0.960204078
 0.007335040 1658.247825093  0.960229259
 0.007359160 1657.795414836  0.960325537
 0.007383310 1657.157154518  0.960326234
 0.007407480 1656.492461084  0.960338757
 0.007431690 1655.891792398  0.960366805
 0.007455920 1655.275385693  0.960391935
 0.007480190 1654.892838218  0.960487994
 0.007504490 1654.203279692  0.960490554
 0.007528810 1653.575228777  0.960512210
 0.007553170 1652.957628243  0.960535652
 0.007577560 1652.387118889  0.960576831
 0.007601970 1651.775724341  0.960601908
 0.007626400 1651.229748529  0.960651188
 0.007650860 1650.847024733  0.960745818
 0.007675330 1650.206956792  0.960763885
 0.007699840 1649.574893116  0.960779082
 0.007724370 1648.995048743  0.960816949
 0.007748920 1648.432223955  0.960855434
 0.007773510 1648.056200563  0.960954601
 0.007798110 1647.401249925  0.960963579
 0.007822750 1646.780153669  0.960988474
 0.007847410 1646.199655124  0.961018111
 0.007872100 1645.654927075  0.961065466
 0.007896820 1645.092383449  0.961103433
 0.007921570 1644.572996235  0.961157102
 0.007946340 1644.199612397  0.961251583
 0.007971150 1643.598645653  0.961273930
 0.007995980 1642.974356404  0.961299548
 0.008020850 1642.455297149  0.961341110
 0.008045740 1641.876823149  0.961384568
 0.008070670 1641.576938450  0.961490671
 0.008095620 1640.899569385  0.961506936
 0.008120590 1640.392887200  0.961546424
 0.008145580 1639.797450722  0.961588510
 0.008170600 1639.326356272  0.961637576
 0.008195640 1638.752962143  0.961687876
 0.008220710 1638.331934442  0.961749601
 0.008245800 1637.782824658  0.961800666
 0.008270910 1637.418065939  0.961867392
 0.008296050 1636.949293868  0.961933505
 0.008321220 1636.356499388  0.961920261
 0.008346410 1635.859669069  0.961981807
 0.008371630 1635.529562486  0.962066896
 0.008396880 1634.873677688  0.962087684
 0.008422150 1634.631685604  0.962205006
 0.008447450 1633.838729064  0.962198564
 0.008472780 1633.464924335  0.962277353
 0.008498140 1632.841773707  0.962320037
 0.008523530 1632.544405402  0.962420811
 0.008548950 1632.008115160  0.962472467
 0.008574400 1631.485525680  0.962495127
 0.008599880 1631.066957831  0.962571522
 0.008625380 1630.619995911  0.962632909
 0.008650900 1630.107422276  0.962671574
 0.008676440 1629.650106094  0.962729555
 0.008702010 1629.224233909  0.962787425
 0.008727600 1628.845335204  0.962877678
 0.008753210 1628.221272516  0.962898967
 0.008778850 1627.767658563  0.962968204
 0.008804510 1627.288862610  0.963052183
 0.008830200 1626.941928635  0.963152384
 0.008855910 1626.314780390  0.963168873
 0.008881650 1625.811178853  0.963229930
 0.008907410 1625.309505416  0.963296309
 0.008933200 1624.912542947  0.963374569
 0.008959010 1624.370981132  0.963428562
 0.008984860 1623.923416320  0.963493998
 0.009010730 1623.664633600  0.963626443
 0.009036620 1622.969394521  0.963624836
 0.009062550 1622.584558249  0.963701000
 0.009088510 1622.053571280  0.963758962
 0.009114490 1621.721090864  0.963851679
 0.009140500 1621.129520343  0.963902653
 0.009166540 1620.773754043  0.963977701
 0.009192610 1620.449475262  0.964088943
 0.009218690 1619.890347141  0.964115755
 0.009244800 1619.456634879  0.964185729
 0.009270920 1619.130257848  0.964274495
 0.009297070 1618.583778362  0.964315262
 0.009323250 1618.131930664  0.964380700
 0.009349440 1617.660695672  0.964456392
 0.009375660 1617.273015074  0.964524367
 0.009401910 1616.822141630  0.964595658
 0.009428170 1616.485408809  0.964677003
 0.009454470 1615.997714700  0.964736907
 0.009480780 1615.657989594  0.964838557
 0.009507130 1615.156361694  0.964892303
 0.009533500 1614.809681542  0.964973446
 0.009559890 1614.505335974  0.965092088
 0.009586320 1613.986424900  0.965107632
 0.009612770 1613.607939535  0.965194493
 0.009639240 1613.158161013  0.965264032
 0.009665750 1612.734265477  0.965341592
 0.009692280 1612.468069814  0.965460977
 0.009718840 1612.024720886  0.965507970
 0.009745440 1611.579691099  0.965574131
 0.009772050 1611.157309683  0.965646823
 0.009798680 1610.822949896  0.965750564
 0.009825340 1610.293413190  0.965794236
 0.009852010 1609.917175993  0.965877390
 0.009878710 1609.534801055  0.965952276
 0.009905430 1609.145394000  0.966025439
 0.009932170 1608.820411670  0.966130801
 0.009958940 1608.350866007  0.966190682
 0.009985730 1608.095499237  0.966316920
 0.010012500 1607.531932318  0.966348688
 0.010039400 1607.181839095  0.966442088
 0.010066200 1606.788757934  0.966505322
 0.010093100 1606.419201767  0.966585198
 0.010120000 1606.024151867  0.966671250
 0.010147000 1605.651880290  0.966755680
 0.010173900 1605.266550773  0.966848463
 0.010200900 1604.874276120  0.966927122
 0.010227900 1604.531690654  0.967030421
 0.010255000 1604.170969406  0.967092945
 0.010282000 1603.793151947  0.967178583
 0.010309100 1603.543913081  0.967301043
 0.010336200 1602.996253857  0.967334628
 0.010363400 1602.645413015  0.967431647
 0.010390600 1602.226040514  0.967506749
 0.010417800 1601.899705105  0.967597728
 0.010445000 1601.694302585  0.967719218
 0.010472200 1601.215701760  0.967773727
 0.010499500 1600.805895095  0.967849739
 0.010526700 1600.432248043  0.967936715
 0.010554000 1600.095285443  0.968038500
 0.010581400 1599.649167913  0.968095418
 0.010608700 1599.350756008  0.968191252
 0.010636100 1599.007995095  0.968276901
 0.010663500 1598.697700894  0.968381670
 0.010690900 1598.287534942  0.968452292
 0.010718300 1597.942612605  0.968539585
 0.010745800 1597.603801456  0.968638327
 0.010773300 1597.290725673  0.968731957
 0.010800800 1597.020709562  0.968855446
 0.010828300 1596.680943040  0.968931239
 0.010855900 1596.269870575  0.968996744
 0.010883500 1595.958605442  0.969087192
 0.010911100 1595.624908798  0.969175685
 0.010938700 1595.293976945  0.969257276
 0.010966400 1595.004024162  0.969341416
 0.010994100 1594.676943716  0.969445253
 0.011021800 1594.382307333  0.969569358
 0.011049500 1593.939017381  0.969616919
 0.011077300 1593.573505957  0.969721520
 0.011105100 1593.315019572  0.969827552
 0.011132900 1592.920194526  0.969903281
 0.011160700 1592.604214151  0.969993268
 0.011188500 1592.347485980  0.970090438
 0.011216400 1592.032465308  0.970199636
 0.011244300 1591.666228527  0.970269976
 0.011272200 1591.349331421  0.970364465
 0.011300100 1591.145266758  0.970467340
 0.011328100 1590.730051046  0.970528600
 0.011356100 1590.479589352  0.970644800
 0.011384100 1590.085998200  0.970726573
 0.011412100 1589.880448849  0.970876116
 0.011440100 1589.474931228  0.970968680
 0.011468200 1589.137479118  0.971031328
 0.011496300 1588.870439464  0.971140171
 0.011524400 1588.468622588  0.971221006
 0.011552500 1588.208399407  0.971327549
 0.011580700 1587.882549961  0.971424726
 0.011608900 1587.701998308  0.971540722
 0.011637100 1587.330390676  0.971618812
 0.011665400 1587.049318221  0.971749346
 0.011693600 1586.620629508  0.971809704
 0.011721900 1586.351399093  0.971937779
 0.011750300 1585.887121652  0.972009948
 0.011778600 1585.549447419  0.972119763
 0.011807000 1585.199783749  0.972221378
 0.011835300 1584.956659855  0.972358423
 0.011863700 1584.631938037  0.972447754
 0.011892100 1584.265893998  0.972526952
 0.011920600 1583.999638216  0.972639556
 0.011949000 1583.586510282  0.972717130
 0.011977500 1583.291319198  0.972816759
 0.012006000 1582.959157116  0.972920077
 0.012034500 1582.761172449  0.973037856
 0.012063100 1582.428253046  0.973134232
 0.012091700 1582.072171246  0.973223699
 0.012120300 1581.812616298  0.973339135
 0.012148900 1581.470948912  0.973420501
 0.012177500 1581.248412814  0.973545351
 0.012206200 1580.887294738  0.973639152
 0.012234800 1580.632527581  0.973750838
 0.012263600 1580.345111991  0.973853300
 0.012292300 1580.040152939  0.973955532
 0.012321000 1579.710442505  0.974053666
 0.012349800 1579.424837460  0.974145303
 0.012378600 1579.103934981  0.974257090
 0.012407500 1578.862800487  0.974354550
 0.012436300 1578.562771907  0.974469627
 0.012465200 1578.338959492  0.974577312
 0.012494100 1578.093441071  0.974705976
 0.012523000 1577.740925405  0.974785489
 0.012552000 1577.537654257  0.974915003
 0.012580900 1577.147001220  0.974990421
 0.012609900 1576.857184206  0.975085656
 0.012638900 1576.603607971  0.975199137
 0.012667900 1576.451186183  0.975344026
 0.012697000 1576.120797103  0.975434253
 0.012726000 1575.757810409  0.975515931
 0.012755100 1575.564006102  0.975641925
 0.012784200 1575.156275438  0.975726549
 0.012813300 1574.981870824  0.975837453
 0.012842500 1574.674068618  0.975951018
 0.012871600 1574.531511153  0.976081346
 0.012900800 1574.180057258  0.976179716
 0.012930000 1573.937835883  0.976283991
 0.012959300 1573.662671845  0.976396437
 0.012988500 1573.349921235  0.976492367
 0.013017800 1573.122958056  0.976603262
 0.013047100 1572.846935329  0.976710385
 0.013076400 1572.624001362  0.976829009
 0.013105800 1572.361745436  0.976940809
 0.013135200 1572.057916014  0.977038000
 0.013164600 1571.834443071  0.977157777
 0.013194000 1571.476290997  0.977256890
 0.013223500 1571.323465093  0.977378010
 0.013252900 1571.006337451  0.977484525
 0.013282400 1570.828669906  0.977603443
 0.013311900 1570.505280119  0.977706656
 0.013341500 1570.389951835  0.977847729
 0.013371000 1569.967302622  0.977920339
 0.013400600 1569.798868802  0.978057990
 0.013430100 1569.531003773  0.978155692
 0.013459700 1569.269177621  0.978258716
 0.013489400 1569.100714623  0.978389815
 0.013519000 1568.866381963  0.978497342
 0.013548700 1568.607570569  0.978596400
 0.013578400 1568.491568059  0.978726819
 0.013608100 1568.186827735  0.978815481
 0.013637800 1568.024835597  0.978922287
 0.013667500 1567.813700106  0.979060048
 0.013697300 1567.525022913  0.979146780
 0.013727100 1567.268829656  0.979268970
 0.013756900 1567.176576313  0.979411096
 0.013786700 1566.855820888  0.979497304
 0.013816600 1566.714263026  0.979616942
 0.013846500 1566.544911376  0.979753377
 0.013876400 1566.237404275  0.979852790
 0.013906300 1565.929299399  0.979954768
 0.013936300 1565.759142357  0.980107616
 0.013966300 1565.418621601  0.980197804
 0.013996300 1565.161926183  0.980308841
 0.014026300 1565.007599953  0.980432523
 0.014056400 1564.757135514  0.980544158
 0.014086400 1564.477957633  0.980651080
 0.014116500 1564.235979018  0.980775445
 0.014146600 1563.965525550  0.980875320
 0.014176700 1563.888742623  0.981028916
 0.014206800 1563.581061410  0.981125526
 0.014237000 1563.311227655  0.981233234
 0.014267200 1563.060010837  0.981353931
 0.014297400 1562.870318569  0.981480971
 0.014327600 1562.641670482  0.981604929
 0.014357800 1562.430453615  0.981720120
 0.014388100 1562.252789230  0.981854711
 0.014418300 1562.055570914  0.981943637
 0.014448600 1561.865255521  0.982070320
 0.014478900 1561.616045089  0.982178107
 0.014509300 1561.382995466  0.982299666
 0.014539600 1561.194642910  0.982422224
 0.014570000 1560.892411521  0.982526395
 0.014600400 1560.756337258  0.982659379
 0.014630800 1560.568108144  0.982792203
 0.014661300 1560.300692204  0.982901260
 0.014691700 1560.065879827  0.983020132
 0.014722200 1559.997283226  0.983177732
 0.014752700 1559.659654158  0.983264301
 0.014783300 1559.437419676  0.983376046
 0.014813900 1559.234609793  0.983490140
 0.014844400 1559.031235971  0.983619733
 0.014875000 1558.835239060  0.983738014
 0.014905700 1558.551746787  0.983844928
 0.014936300 1558.366195216  0.983980280
 0.014967000 1558.187320227  0.984121262
 0.014997600 1558.035932453  0.984235896
 0.015028300 1557.783209626  0.984341392
 0.015059000 1557.586625948  0.984474339
 0.015089800 1557.338520347  0.984586755
 0.015120500 1557.149077602  0.984711782
 0.015151300 1556.880594433  0.984825625
 0.015182100 1556.729609485  0.984969141
 0.015212900 1556.553768832  0.985090326
 0.015243700 1556.358761988  0.985202148
 0.015274500 1556.148929526  0.985329753
 0.015305400 1555.923167224  0.985449320
 0.015336300 1555.715922237  0.985570518
 0.015367200 1555.534886328  0.985705776
 0.015398100 1555.235664003  0.985820496
 0.015429000 1555.035375989  0.985951203
 0.015460000 1554.858988113  0.986072659
 0.015491000 1554.634035580  0.986192036
 0.015522000 1554.441940154  0.986331479
 0.015553100 1554.188185550  0.986440232
 0.015584100 1553.994287914  0.986572906
 0.015615200 1553.813946016  0.986698809
 0.015646300 1553.565537835  0.986820095
 0.015677400 1553.426652220  0.986941766
 0.015708600 1553.306451907  0.987084089
 0.015739800 1553.048648053  0.987189341
 0.015770900 1552.839271161  0.987316041
 0.015802100 1552.612258753  0.987437424
 0.015833400 1552.399885155  0.987567711
 0.015864600 1552.225286391  0.987699506
 0.015895900 1552.025957948  0.987828474
 0.015927100 1551.872051079  0.987944367
 0.015958400 1551.718671486  0.988084672
 0.015989700 1551.478254932  0.988198794
 0.016021000 1551.290035801  0.988332336
 0.016052400 1551.063162897  0.988447988
 0.016083800 1550.961041151  0.988585262
 0.016115100 1550.791494193  0.988710254
 0.016146500 1550.535767348  0.988828848
 0.016177900 1550.385634547  0.988963333
 0.016209400 1550.187168975  0.989085748
 0.016240800 1550.052276824  0.989219866
 0.016272300 1549.855507612  0.989346267
 0.016303800 1549.626022833  0.989462984
 0.016335300 1549.442306401  0.989601486
 0.016366900 1549.371467239  0.989747289
 0.016398400 1549.104791931  0.989852890
 0.016430000 1548.948571023  0.989992541
 0.016461600 1548.687857267  0.990106465
 0.016493300 1548.580904328  0.990244947
 0.016524900 1548.403266332  0.990381031
 0.016556600 1548.191058731  0.990495257
 0.016588300 1547.995989589  0.990634444
 0.016620000 1547.797221480  0.990746758
 0.016651700 1547.644412087  0.990895762
 0.016683500 1547.432537624  0.991023013
 0.016715300 1547.180049607  0.991144528
 0.016747100 1547.084079767  0.991298378
 0.016778900 1546.976091163  0.991429338
 0.016810700 1546.838666239  0.991542385
 0.016842500 1546.650513308  0.991665994
 0.016874400 1546.496723474  0.991798750
 0.016906200 1546.256824611  0.991921555
 0.016938100 1546.170595415  0.992060916
 0.016970000 1545.971821700  0.992188735
 0.017002000 1545.790636333  0.992322847
 0.017033900 1545.560196672  0.992441525
 0.017065900 1545.398076497  0.992577766
 0.017097800 1545.300465015  0.992726271
 0.017129800 1545.040163931  0.992848846
 0.017161800 1544.816634698  0.992984938
 0.017193900 1544.667195228  0.993134924
 0.017225900 1544.406150946  0.993258370
 0.017258000 1544.257570283  0.993389044
 0.017290100 1544.080999707  0.993509509
 0.017322200 1543.936967013  0.993649007
 0.017354400 1543.805987070  0.993806764
 0.017386500 1543.570676581  0.993920588
 0.017418700 1543.421543488  0.994052027
 0.017450900 1543.199903815  0.994173634
 0.017483100 1543.026874145  0.994314985
 0.017515400 1542.920839109  0.994449020
 0.017547600 1542.669549223  0.994574643
 0.017579900 1542.539626138  0.994709630
 0.017612200 1542.291936993  0.994833832
 0.017644600 1542.151755275  0.994977814
 0.017676900 1541.998932532  0.995114607
 0.017709300 1541.786438473  0.995228855
 0.017741600 1541.658438503  0.995372132
 0.017774000 1541.552400116  0.995520793
 0.017806400 1541.385299051  0.995647967
 0.017838900 1541.219409260  0.995776174
 0.017871300 1541.074361254  0.995907386
 0.017903800 1540.993933841  0.996043089
 0.017936200 1540.898587821  0.996179095
 0.017968700 1540.750463617  0.996299297
 0.018001200 1540.607143091  0.996436704
 0.018033700 1540.565167824  0.996586441
 0.018066300 1540.356503841  0.996693345
 0.018098800 1540.231995603  0.996836212
 0.018131400 1540.051224154  0.996973365
 0.018164000 1539.879606048  0.997104758
 0.018196600 1539.737259229  0.997254892
 0.018229300 1539.597723167  0.997383786
 0.018261900 1539.482329053  0.997525939
 0.018294600 1539.393796021  0.997672785
 0.018327300 1539.174653653  0.997790871
 0.018360000 1539.037518139  0.997923748
 0.018392700 1538.905638891  0.998059232
 0.018425500 1538.739898055  0.998195953
 0.018458300 1538.577248175  0.998345612
 0.018491100 1538.319572584  0.998462837
 0.018523900 1538.227655939  0.998618649
 0.018556700 1538.043458824  0.998744795
 0.018589600 1537.899535110  0.998889440
 0.018622500 1537.769629411  0.999036090
 0.018655400 1537.618727126  0.999158132
 0.018688300 1537.523708858  0.999286210
 0.018721200 1537.400502345  0.999417380
 0.018754200 1537.276549681  0.999549036
 0.018787100 1537.104816039  0.999673739
 0.018820100 1536.986657877  0.999824554
 0.018853100 1536.877331548  0.999956147
 0.018886100 1536.763092772  1.000100140
 0.018919100 1536.613588926  1.000241418
 0.018952200 1536.432647015  1.000377420
 0.018985200 1536.200393397  1.000514401
 0.019018300 1536.089829986  1.000649902
 0.019051400 1535.851030170  1.000790862
 0.019084500 1535.749373353  1.000921021
 0.019117600 1535.616743521  1.001072551
 0.019150800 1535.610779726  1.001220834
 0.019183900 1535.455322115  1.001343068
 0.019217100 1535.392410902  1.001493730
 0.019250300 1535.170149396  1.001629332
 0.019283500 1535.082109490  1.001764727
 0.019316700 1534.925987696  1.001884172
 0.019350000 1534.833067605  1.002040391
 0.019383300 1534.715137029  1.002198259
 0.019416600 1534.634846942  1.002342913
 0.019449900 1534.417590618  1.002446347
 0.019483200 1534.255390330  1.002580528
 0.019516600 1534.132914186  1.002736833
 0.019549900 1533.958257307  1.002864651
 0.019583300 1533.852748357  1.002996924
 0.019616800 1533.762690643  1.003141486
 0.019650200 1533.630908182  1.003282774
 0.019683700 1533.484236127  1.003416126
 0.019717100 1533.294883299  1.003541950
 0.019750600 1533.198745933  1.003688380
 0.019784100 1532.996999200  1.003817208
 0.019817600 1532.977524759  1.003974145
 0.019851200 1532.877087107  1.004121726
 0.019884700 1532.668477696  1.004238600
 0.019918300 1532.550888948  1.004395859
 0.019951900 1532.461596979  1.004530758
 0.019985400 1532.316360815  1.004665156
 0.020019100 1532.156189949  1.004802547
 0.020052700 1532.059185721  1.004956573
 0.020086300 1531.887402611  1.005082636
 0.020120000 1531.819078909  1.005232182
 0.020153700 1531.764758494  1.005395111
 0.020187300 1531.565579939  1.005523520
 0.020221100 1531.430810857  1.005657291
 0.020254800 1531.335699779  1.005791334
 0.020288500 1531.219255155  1.005942512
 0.020322300 1531.055058416  1.006070360
 0.020356100 1530.947940178  1.006226167
 0.020389900 1530.896254288  1.006386883
 0.020423700 1530.648957715  1.006497348
 0.020457500 1530.603990563  1.006652378
 0.020491400 1530.481055511  1.006791935
 0.020525200 1530.340714634  1.006924211
 0.020559100 1530.166780187  1.007060279
 0.020593000 1530.069759034  1.007214246
 0.020627000 1529.862573588  1.007335791
 0.020660900 1529.773012680  1.007483860
 0.020694900 1529.762222618  1.007642700
 0.020728900 1529.576806339  1.007770891
 0.020762900 1529.430217957  1.007906963
 0.020796900 1529.285338649  1.008045650
 0.020831000 1529.138267124  1.008193890
 0.020865000 1528.989130900  1.008322964
 0.020899100 1528.919478078  1.008477985
 0.020933200 1528.859961723  1.008640909
 0.020967300 1528.618880466  1.008752958
 0.021001400 1528.574701650  1.008909495
 0.021035600 1528.448020182  1.009052463
 0.021069700 1528.321231989  1.009189405
 0.021103900 1528.204668906  1.009327349
 0.021138100 1528.162143227  1.009487309
 0.021172300 1527.999041232  1.009611425
 0.021206500 1527.903808078  1.009763357
 0.021240700 1527.812898707  1.009922393
 0.021274900 1527.646179106  1.010055018
 0.021309200 1527.475044026  1.010198877
 0.021343500 1527.419132134  1.010336901
 0.021377800 1527.282235598  1.010486734
 0.021412100 1527.136287161  1.010615579
 0.021446400 1527.080167621  1.010773610
 0.021480700 1527.028370468  1.010936216
 0.021515100 1526.800216339  1.011051473
 0.021549500 1526.783887766  1.011209158
 0.021583900 1526.662480690  1.011348691
 0.021618300 1526.517487373  1.011484703
 0.021652700 1526.371947056  1.011623462
 0.021687200 1526.288487784  1.011780557
 0.021721600 1526.112201248  1.011906554
 0.021756100 1526.024235406  1.012054564
 0.021790600 1526.009595688  1.012217113
 0.021825200 1525.850972051  1.012347996
 0.021859700 1525.694788938  1.012486228
 0.021894300 1525.578569212  1.012627577
 0.021928800 1525.437306947  1.012777440
 0.021963400 1525.289406990  1.012906510
 0.021998100 1525.231575129  1.013064729
 0.022032700 1525.183436923  1.013230880
 0.022067400 1524.948842859  1.013344540
 0.022102000 1524.916339151  1.013504286
 0.022136700 1524.812128204  1.013648341
 0.022171400 1524.691352885  1.013786913
 0.022206100 1524.565042793  1.013926971
 0.022240800 1524.535949576  1.014084687
 0.022275600 1524.369855131  1.014214315
 0.022310300 1524.268463918  1.014372051
 0.022345100 1524.175041178  1.014531139
 0.022379900 1524.016106194  1.014670724
 0.022414700 1523.873264690  1.014814987
 0.022449500 1523.804753201  1.014958866
 0.022484300 1523.706128424  1.015108545
 0.022519100 1523.562015824  1.015241804
 0.022554000 1523.462109970  1.015399227
 0.022588900 1523.388338449  1.015563483
 0.022623700 1523.200910754  1.015687590
 0.022658700 1523.145588227  1.015846307
 0.022693600 1523.027908462  1.015977583
 0.022728500 1522.882467943  1.016129680
 0.022763500 1522.745800666  1.016259786
 0.022798400 1522.717573555  1.016420958
 0.022833400 1522.540665289  1.016549128
 0.022868400 1522.468672081  1.016707443
 0.022903500 1522.434748352  1.016860978
 0.022938500 1522.302858574  1.017002618
 0.022973600 1522.149143010  1.017143809
 0.023008600 1522.031780140  1.017282662
 0.023043700 1521.969582534  1.017434258
 0.023078900 1521.828605049  1.017571947
 0.023114000 1521.712577725  1.017724847
 0.023149100 1521.700528791  1.017885334
 0.023184300 1521.543859061  1.018016599
 0.023219500 1521.472338807  1.018166206
 0.023254700 1521.306368339  1.018312039
 0.023289900 1521.263415436  1.018457241
 0.023325200 1521.132560475  1.018597000
 0.023360400 1521.068218459  1.018751291
 0.023395700 1520.899872497  1.018899252
 0.023431000 1520.889068431  1.019045111
 0.023466300 1520.802144038  1.019206583
 0.023501600 1520.683058122  1.019343146
 0.023536900 1520.541536930  1.019500738
 0.023572200 1520.474791977  1.019630974
 0.023607600 1520.375965648  1.019790598
 0.023642900 1520.235187950  1.019924664
 0.023678300 1520.134284406  1.020094592
 0.023713700 1520.094745658  1.020246069
 0.023749100 1519.946241564  1.020384795
 0.023784500 1519.855651207  1.020529578
 0.023820000 1519.738399838  1.020675668
 0.023855400 1519.636674968  1.020821093
 0.023890900 1519.514480949  1.020961648
 0.023926400 1519.427788101  1.021115824
 0.023961900 1519.328633573  1.021258960
 0.023997400 1519.248519778  1.021411202
 0.024032900 1519.195939659  1.021567133
 0.024068500 1519.047731234  1.021710954
 0.024104000 1518.989813146  1.021851055
 0.024139600 1518.837589202  1.021996665
 0.024175200 1518.808111391  1.022146564
 0.024210800 1518.631694532  1.022289567
 0.024246400 1518.610976734  1.022439028
 0.024282100 1518.506268478  1.022606410
 0.024317700 1518.422107687  1.022734806
 0.024353400 1518.270566556  1.022889259
 0.024389100 1518.227780020  1.023029013
 0.024424800 1518.066810659  1.023181664
 0.024460600 1518.031997402  1.023317824
 0.024496300 1517.895719675  1.023478404
 0.024532100 1517.840834353  1.023613665
 0.024567900 1517.719741132  1.023778864
 0.024603700 1517.718124764  1.023931179
 0.024639500 1517.544431193  1.024079364
 0.024675300 1517.526840380  1.024227203
 0.024711200 1517.332728821  1.024368499
 0.024747000 1517.345541522  1.024526465
 0.024782900 1517.147443857  1.024665765
 0.024818800 1517.162606155  1.024825553
 0.024854700 1517.041315431  1.024987337
 0.024890600 1516.969747101  1.025121368
 0.024926600 1516.860131053  1.025268598
 0.024962500 1516.783220056  1.025418856
 0.024998500 1516.687342937  1.025565751
 0.025034400 1516.600197885  1.025712859
 0.025070400 1516.504226383  1.025861209
 0.025106400 1516.410155465  1.026013829
 0.025142400 1516.331812210  1.026158037
 0.025178400 1516.304534968  1.026326374
 0.025214500 1516.179094424  1.026456252
 0.025250500 1516.108474481  1.026613395
 0.025286600 1516.018833429  1.026746097
 0.025322700 1515.953137313  1.026913554
 0.025358800 1515.791428564  1.027044587
 0.025394900 1515.728499983  1.027209705
 0.025431100 1515.703748450  1.027366008
 0.025467200 1515.582326229  1.027505811
 0.025503400 1515.533395354  1.027654727
 0.025539500 1515.429296160  1.027802336
 0.025575700 1515.308652916  1.027949857
 0.025612000 1515.195015474  1.028091945
 0.025648200 1515.170533178  1.028251355
 0.025684400 1515.065729692  1.028391324
 0.025720700 1514.933674124  1.028544845
 0.025757000 1514.916175604  1.028706899
 0.025793200 1514.825593065  1.028854269
 0.025829600 1514.742199770  1.028998957
 0.025865900 1514.604305469  1.029147493
 0.025902200 1514.579350307  1.029297134
 0.025938600 1514.471123885  1.029443473
 0.025975000 1514.405373924  1.029596065
 0.026011400 1514.339623490  1.029769334
 0.026047800 1514.248509523  1.029898009
 0.026084200 1514.165733658  1.030057569
 0.026120600 1514.081852278  1.030198423
 0.026157100 1513.955672379  1.030358922
 0.026193600 1513.903807243  1.030492198
 0.026230000 1513.825750923  1.030654640
 0.026266500 1513.714438677  1.030793210
 0.026303000 1513.627421339  1.030959163
 0.026339600 1513.640483949  1.031112917
 0.026376100 1513.488098264  1.031257047
 0.026412600 1513.427256435  1.031407632
 0.026449200 1513.274165954  1.031551490
 0.026485800 1513.262131971  1.031703073
 0.026522300 1513.120151915  1.031844412
 0.026558900 1513.074256106  1.032007570
 0.026595600 1512.992020745  1.032169991
 0.026632200 1512.907567474  1.032302805
 0.026668800 1512.831103073  1.032456170
 0.026705500 1512.743107861  1.032608460
 0.026742100 1512.658473360  1.032756615
 0.026778800 1512.582709231  1.032905356
 0.026815500 1512.499389894  1.033055016
 0.026852200 1512.396069633  1.033209848
 0.026889000 1512.358228357  1.033358218
 0.026925700 1512.317359079  1.033525452
 0.026962500 1512.176596837  1.033662712
 0.026999200 1512.099661381  1.033819945
 0.027036000 1512.026583306  1.033955601
 0.027072800 1511.980358780  1.034122451
 0.027109600 1511.827189861  1.034256937
 0.027146500 1511.784794863  1.034423317
 0.027183300 1511.776303178  1.034578850
 0.027220200 1511.650620350  1.034726359
 0.027257100 1511.562688060  1.034877679
 0.027294000 1511.466313928  1.035025246
 0.027330900 1511.435735558  1.035179095
 0.027367800 1511.328712933  1.035321185
 0.027404700 1511.223096772  1.035480919
 0.027441700 1511.144538838  1.035625336
 0.027478700 1511.115502387  1.035784994
 0.027515700 1511.019443829  1.035931943
 0.027552700 1510.913537383  1.036088069
 0.027589700 1510.843600030  1.036232114
 0.027626800 1510.805354078  1.036395867
 0.027663800 1510.709072400  1.036533509
 0.027700900 1510.623864155  1.036698424
 0.027738000 1510.564167338  1.036833359
 0.027775000 1510.514784663  1.036999128
 0.027812100 1510.401204803  1.037139254
 0.027849300 1510.329815556  1.037305398
 0.027886400 1510.275234803  1.037447407
 0.027923500 1510.212386009  1.037604467
 0.027960700 1510.087419724  1.037746643
 0.027997800 1510.048946202  1.037909995
 0.028035000 1509.976351407  1.038054432
 0.028072200 1509.952433497  1.038222759
 0.028109400 1509.793673469  1.038355085
 0.028146600 1509.712861909  1.038507386
 0.028183900 1509.677577360  1.038657753
 0.028221100 1509.574169686  1.038807224
 0.028258400 1509.500493142  1.038963646
 0.028295600 1509.385880912  1.039113408
 0.028332900 1509.377385919  1.039264596
 0.028370200 1509.285894896  1.039417350
 0.028407500 1509.219364387  1.039577181
 0.028444900 1509.118082998  1.039730001
 0.028482200 1509.100601460  1.039879798
 0.028519600 1509.028404549  1.040037115
 0.028556900 1508.953970432  1.040190279
 0.028594300 1508.839869663  1.040337834
 0.028631700 1508.823823424  1.040495057
 0.028669100 1508.719013442  1.040640632
 0.028706600 1508.682871554  1.040807176
 0.028744000 1508.556376731  1.040949597
 0.028781500 1508.498507726  1.041090538
 0.028818900 1508.430042058  1.041250873
 0.028856400 1508.324915848  1.041396296
 0.028893900 1508.267649797  1.041559804
 0.028931400 1508.216885993  1.041704196
 0.028969000 1508.162710986  1.041862166
 0.029006500 1508.055997306  1.042007760
 0.029044100 1507.979344673  1.042169975
 0.029081700 1507.941976070  1.042319480
 0.029119300 1507.874608305  1.042472290
 0.029156900 1507.786905291  1.042630004
 0.029194600 1507.702029129  1.042783254
 0.029232200 1507.661442405  1.042933033
 0.029269900 1507.602796294  1.043087043
 0.029307500 1507.502237486  1.043236786
 0.029345200 1507.430603907  1.043397796
 0.029382900 1507.372722576  1.043537908
 0.029420600 1507.253132231  1.043677010
 0.029458300 1507.215341909  1.043847006
 0.029496000 1507.085912025  1.043984344
 0.029533800 1507.093197653  1.044151552
 0.029571500 1506.970285726  1.044288752
 0.029609300 1506.949818283  1.044458415
 0.029647100 1506.808880031  1.044597711
 0.029684900 1506.809651648  1.044763518
 0.029722700 1506.720281494  1.044904827
 0.029760500 1506.672334575  1.045070158
 0.029798300 1506.558019824  1.045219186
 0.029836100 1506.546664130  1.045374718
 0.029874000 1506.462934094  1.045524691
 0.029911900 1506.419861324  1.045686408
 0.029949700 1506.292391743  1.045830343
 0.029987600 1506.311635464  1.046001066
 0.030025500 1506.185808754  1.046138084
 0.030063400 1506.127163593  1.046289674
 0.030101400 1506.010173005  1.046442168
 0.030139300 1505.967053348  1.046595017
 0.030177300 1505.915398815  1.046747604
 0.030215200 1505.846633265  1.046901413
 0.030253200 1505.744573523  1.047053444
 0.030291200 1505.703015571  1.047211558
 0.030329200 1505.654585760  1.047365907
 0.030367300 1505.619707372  1.047523877
 0.030405300 1505.490203309  1.047673235
 0.030443400 1505.486360489  1.047837182
 0.030481500 1505.408771810  1.047983767
 0.030519500 1505.344908104  1.048136995
 0.030557700 1505.244266853  1.048291222
 0.030595800 1505.175577189  1.048439006
 0.030633900 1505.158888349  1.048599880
 0.030672100 1505.065377751  1.048748658
 0.030710200 1504.929955064  1.048893445
 0.030748400 1504.911259377  1.049055625
 0.030786600 1504.837566055  1.049200659
 0.030824800 1504.801457348  1.049359900
 0.030863100 1504.672347401  1.049506190
 0.030901300 1504.642645210  1.049665203
 0.030939600 1504.571802058  1.049812050
 0.030977800 1504.532398514  1.049974841
 0.031016100 1504.432728373  1.050125902
 0.031054400 1504.379076501  1.050281723
 0.031092700 1504.339213249  1.050438324
 0.031131000 1504.290755402  1.050592335
 0.031169300 1504.168645681  1.050742539
 0.031207600 1504.148099755  1.050902335
 0.031246000 1504.067383305  1.051048287
 0.031284300 1504.054705654  1.051211110
 0.031322700 1503.912458068  1.051355336
 0.031361100 1503.834150131  1.051496531
 0.031399400 1503.798237549  1.051663311
 0.031437800 1503.734630588  1.051804026
 0.031476300 1503.649843856  1.051972095
 0.031514700 1503.570769284  1.052113054
 0.031553100 1503.550660935  1.052279473
 0.031591600 1503.471754393  1.052420484
 0.031630000 1503.416804015  1.052591357
 0.031668500 1503.335078378  1.052732270
 0.031707000 1503.309904058  1.052897185
 0.031745500 1503.255837347  1.053046225
 0.031784000 1503.163097523  1.053202334
 0.031822500 1503.114371880  1.053356262
 0.031861100 1503.087398568  1.053517765
 0.031899600 1503.013956208  1.053663811
 0.031938200 1502.978357257  1.053834317
 0.031976700 1502.872883388  1.053973914
 0.032015300 1502.796285711  1.054124433
 0.032053900 1502.746517522  1.054278645
 0.032092600 1502.664320192  1.054429310
 0.032131200 1502.599778389  1.054587224
 0.032169800 1502.480703436  1.054735392
 0.032208500 1502.484619244  1.054889795
 0.032247200 1502.399150425  1.055044128
 0.032285900 1502.354627614  1.055203143
 0.032324600 1502.252770403  1.055356116
 0.032363300 1502.242543257  1.055507541
 0.032402100 1502.171038860  1.055664796
 0.032440800 1502.112490960  1.055820981
 0.032479600 1502.008638263  1.055971854
 0.032518400 1502.006988876  1.056126799
 0.032557200 1501.896015404  1.056276196
 0.032596000 1501.880898164  1.056442063
 0.032634800 1501.754126704  1.056589897
 0.032673700 1501.720745096  1.056731831
 0.032712500 1501.657285904  1.056893817
 0.032751400 1501.573324945  1.057038551
 0.032790200 1501.521462096  1.057203721
 0.032829100 1501.473883171  1.057347994
 0.032868000 1501.403271521  1.057506514
 0.032906900 1501.314880012  1.057657087
 0.032945800 1501.256605041  1.057818524
 0.032984700 1501.240247069  1.057967183
 0.033023700 1501.170862918  1.058125530
 0.033062600 1501.112205149  1.058286135
 0.033101600 1501.029773486  1.058439037
 0.033140500 1501.006955852  1.058593791
 0.033179500 1500.944579759  1.058745827
 0.033218500 1500.864275981  1.058900430
 0.033257500 1500.804371265  1.059059055
 0.033296500 1500.756817869  1.059208230
 0.033335500 1500.660134435  1.059348334
 0.033374600 1500.630645738  1.059519895
 0.033413600 1500.508661015  1.059658755
 0.033452700 1500.522845143  1.059827535
 0.033491700 1500.422642937  1.059965786
 0.033530800 1500.416988221  1.060138524
 0.033569900 1500.281948495  1.060279469
 0.033609000 1500.315833089  1.060449584
 0.033648100 1500.211663363  1.060591397
 0.033687300 1500.192539800  1.060757515
 0.033726400 1500.076536639  1.060906629
 0.033765600 1500.065693192  1.061062209
 0.033804700 1499.984032540  1.061212104
 0.033843900 1499.958690442  1.061373284
 0.033883100 1499.823319789  1.061519297
 0.033922300 1499.854297060  1.061687857
 0.033961600 1499.742129655  1.061827924
 0.034000800 1499.684086006  1.061979589
 0.034040100 1499.575885944  1.062133579
 0.034079400 1499.533564991  1.062286454
 0.034118600 1499.488840464  1.062440624
 0.034157900 1499.437533708  1.062593867
 0.034197300 1499.345586507  1.062747251
 0.034236600 1499.303609090  1.062905510
 0.034276000 1499.262650693  1.063061389
 0.034315300 1499.223708044  1.063217613
 0.034354700 1499.119621355  1.063368030
 0.034394100 1499.099488917  1.063532573
 0.034433500 1499.046147264  1.063680132
 0.034472900 1498.988211245  1.063834910
 0.034512300 1498.903445708  1.063992153
 0.034551800 1498.843785946  1.064143376
 0.034591200 1498.828340968  1.064304357
 0.034630700 1498.752443177  1.064452452
 0.034670100 1498.624090920  1.064596831
 0.034709600 1498.608147980  1.064760903
 0.034749100 1498.548220153  1.064909074
 0.034788600 1498.522165234  1.065071574
 0.034828100 1498.403310776  1.065219316
 0.034867600 1498.378286596  1.065379989
 0.034907100 1498.316031526  1.065528378
 0.034946600 1498.297600863  1.065692235
 0.034986200 1498.204767204  1.065842926
 0.035025700 1498.159404290  1.066002178
 0.035065300 1498.120683396  1.066159021
 0.035104900 1498.095152857  1.066313764
 0.035144500 1497.978929246  1.066463800
 0.035184100 1497.952389105  1.066621862
 0.035223700 1497.889637200  1.066772903
 0.035263300 1497.861934262  1.066930497
 0.035302900 1497.743904466  1.067081461
 0.035342600 1497.671093077  1.067224292
 0.035382200 1497.659006882  1.067392137
 0.035421900 1497.574399614  1.067531722
 0.035461600 1497.504937368  1.067697469
 0.035501300 1497.436511674  1.067841705
 0.035541000 1497.419229406  1.068008060
 0.035580700 1497.355999903  1.068148616
 0.035620400 1497.295926787  1.068316044
 0.035660200 1497.224249687  1.068460214
 0.035699900 1497.200194200  1.068623274
 0.035739700 1497.147595538  1.068774141
 0.035779500 1497.065875316  1.068929847
 0.035819300 1497.010426367  1.069084070
 0.035859100 1496.979375385  1.069243933
 0.035898900 1496.907742206  1.069389931
 0.035938700 1496.873941934  1.069560386
 0.035978600 1496.781648972  1.069703105
 0.036018500 1496.717228830  1.069851488
 0.036058400 1496.689442262  1.070006856
 0.036098300 1496.593308812  1.070157906
 0.036138200 1496.558885134  1.070318381
 0.036178100 1496.451397195  1.070469786
 0.036218100 1496.455846254  1.070624243
 0.036258000 1496.372263036  1.070778440
 0.036298000 1496.335792149  1.070939055
 0.036338000 1496.235518329  1.071091910
 0.036378000 1496.247659030  1.071244500
 0.036418000 1496.182894434  1.071403225
 0.036458000 1496.128527309  1.071559266
 0.036498000 1496.024874147  1.071710201
 0.036538000 1496.038497404  1.071870231
 0.036578100 1495.940396889  1.072017322
 0.036618100 1495.914724428  1.072183349
 0.036658200 1495.802897829  1.072330889
 0.036698200 1495.782124213  1.072475988
 0.036738300 1495.718712280  1.072637989
 0.036778400 1495.649564049  1.072785797
 0.036818500 1495.597655115  1.072951007
 0.036858600 1495.562893047  1.073098455
 0.036898700 1495.502904702  1.073254856
 0.036938800 1495.416060822  1.073403376
 0.036978900 1495.360638365  1.073566736
 0.037019100 1495.355323089  1.073718793
 0.037059200 1495.292960628  1.073873198
 0.037099400 1495.230188254  1.074030171
 0.037139600 1495.145878584  1.074183321
 0.037179800 1495.125474551  1.074337992
 0.037219900 1495.062546547  1.074490079
 0.037260200 1495.007986265  1.074645621
 0.037300400 1494.942909386  1.074802655
 0.037340600 1494.908074251  1.074955029
 0.037380800 1494.811181953  1.075095123
 0.037421100 1494.775792817  1.075263219
 0.037461400 1494.658987850  1.075403783
 0.037501600 1494.676008561  1.075572502
 0.037541900 1494.574456911  1.075710831
 0.037582200 1494.561641580  1.075880211
 0.037622600 1494.444023891  1.076020579
 0.037662900 1494.460189740  1.076187606
 0.037703200 1494.375658210  1.076332494
 0.037743600 1494.342975422  1.076499058
 0.037784000 1494.249890846  1.076649231
 0.037824300 1494.249065854  1.076804430
 0.037864700 1494.180805906  1.076955755
 0.037905200 1494.146649684  1.077119006
 0.037945600 1494.029962419  1.077264390
 0.037986000 1494.061852743  1.077432957
 0.038026500 1493.955016199  1.077574719
 0.038067000 1493.904641157  1.077727865
 0.038107500 1493.810332122  1.077879586
 0.038148000 1493.779592932  1.078035696
 0.038188500 1493.735036435  1.078189917
 0.038229000 1493.690751858  1.078344663
 0.038269500 1493.601412543  1.078498024
 0.038310100 1493.555481134  1.078654571
 0.038350600 1493.531420290  1.078809987
 0.038391200 1493.498792725  1.078967825
 0.038431800 1493.397869912  1.079118116
 0.038472400 1493.379106749  1.079282530
 0.038512900 1493.331529441  1.079431808
 0.038553500 1493.279585292  1.079588210
 0.038594100 1493.198484205  1.079745316
 0.038634800 1493.160377832  1.079897673
 0.038675400 1493.146668522  1.080058584
 0.038716000 1493.081528706  1.080209935
 0.038756700 1492.957018259  1.080354176
 0.038797300 1492.935799309  1.080516680
 0.038838000 1492.878243076  1.080664756
 0.038878600 1492.868130651  1.080826774
 0.038919300 1492.748028682  1.080972757
 0.038960000 1492.722494599  1.081133493
 0.039000700 1492.657683411  1.081280161
 0.039041400 1492.644531782  1.081440309
 0.039082100 1492.529351710  1.081588136
 0.039122900 1492.499321618  1.081746939
 0.039163600 1492.463613494  1.081903663
 0.039204400 1492.437207831  1.082058467
 0.039245100 1492.325472456  1.082208345
 0.039285900 1492.303318619  1.082368087
 0.039326700 1492.238354813  1.082517402
 0.039367500 1492.231297462  1.082676126
 0.039408300 1492.117636303  1.082826951
 0.039449100 1492.044100894  1.082969834
 0.039489900 1492.024718731  1.083134333
 0.039530800 1491.960460091  1.083275067
 0.039571600 1491.901221828  1.083442256
 0.039612500 1491.815709665  1.083581728
 0.039653400 1491.808426762  1.083749511
 0.039694300 1491.742586467  1.083890199
 0.039735200 1491.685810665  1.084055671
 0.039776100 1491.614319261  1.084201713
 0.039817000 1491.596199307  1.084362751
 0.039858000 1491.550868876  1.084513435
 0.039898900 1491.477251916  1.084670700
 0.039939900 1491.454690643  1.084834606
 0.039980900 1491.375587874  1.084979900
 0.040021900 1491.295399898  1.085124695
 0.040062900 1491.196075814  1.085283231
 0.040103900 1491.108705061  1.085431259
 0.040145000 1491.059070831  1.085602394
 0.040186000 1490.985254187  1.085751459
 0.040227100 1490.919278852  1.085915091
 0.040268200 1490.848899621  1.086069558
 0.040309300 1490.771740690  1.086232991
 0.040350400 1490.732791453  1.086374367
 0.040391500 1490.724378400  1.086547905
 0.040432600 1490.622955932  1.086682481
 0.040473700 1490.508333675  1.086831030
 0.040514900 1490.540475895  1.086991536
 0.040556000 1490.458890506  1.087147943
 0.040597200 1490.410891627  1.087306384
 0.040638300 1490.295761558  1.087458791
 0.040679500 1490.318120755  1.087623159
 0.040720700 1490.161451798  1.087769490
 0.040761900 1490.142466969  1.087934276
 0.040803100 1489.990163386  1.088076617
 0.040844300 1489.972524528  1.088222187
 0.040885500 1489.885199240  1.088382711
 0.040926700 1489.907300784  1.088543041
 0.040967900 1489.768113317  1.088688154
 0.041009200 1489.769619188  1.088850943
 0.041050400 1489.647948424  1.089003647
 0.041091700 1489.698533364  1.089166694
 0.041132900 1489.549847015  1.089309379
 0.041174200 1489.570545019  1.089458609
 0.041215500 1489.442323132  1.089605942
 0.041256800 1489.438671540  1.089761920
 0.041298100 1489.352340546  1.089924070
 0.041339400 1489.354811133  1.090077478
 0.041380700 1489.203034437  1.090226965
 0.041422100 1489.235999406  1.090388878
 0.041463400 1489.142450895  1.090544243
 0.041504800 1489.133629128  1.090694781
 0.041546100 1489.047136349  1.090854957
 0.041587500 1489.021324128  1.090991467
 0.041628900 1488.904219623  1.091142277
 0.041670300 1488.926843916  1.091302657
 0.041711700 1488.812636053  1.091453039
 0.041753100 1488.800444779  1.091613702
 0.041794600 1488.668569804  1.091757766
 0.041836000 1488.705649200  1.091921331
 0.041877500 1488.577021997  1.092070464
 0.041919000 1488.609187342  1.092228612
 0.041960500 1488.469909421  1.092366988
 0.042002000 1488.469657507  1.092517469
 0.042043500 1488.371093501  1.092674700
 0.042085000 1488.402638421  1.092836561
 0.042126600 1488.237185021  1.092984148
 0.042168100 1488.298256491  1.093148718
 0.042209700 1488.172752506  1.093299747
 0.042251300 1488.212817988  1.093464891
 0.042292900 1488.084809726  1.093606791
 0.042334500 1488.073506660  1.093757170
 0.042376100 1487.963782211  1.093905686
 0.042417800 1487.973938374  1.094061130
 0.042459400 1487.896034285  1.094223124
 0.042501100 1487.870692513  1.094374956
 0.042542700 1487.742654155  1.094526030
 0.042584400 1487.791451348  1.094687428
 0.042626100 1487.694145355  1.094846420
 0.042667800 1487.686251222  1.094996913
 0.042709500 1487.620486874  1.095158190
 0.042751200 1487.585157513  1.095296830
 0.042792900 1487.470778890  1.095449248
 0.042834600 1487.499102604  1.095609514
 0.042876300 1487.370288237  1.095759908
 0.042918100 1487.391366593  1.095921683
 0.042959800 1487.243711903  1.096066280
 0.043001600 1487.302066389  1.096230893
 0.043043300 1487.174926326  1.096380044
 0.043085100 1487.212021118  1.096539654
 0.043126900 1487.079223404  1.096679805
 0.043168700 1487.066428243  1.096826975
 0.043210400 1486.961387296  1.096986282
 0.043252300 1486.967075187  1.097143320
 0.043294100 1486.842396933  1.097289984
 0.043335900 1486.865981849  1.097453849
 0.043377700 1486.741504095  1.097604809
 0.043419500 1486.792766968  1.097767845
 0.043461400 1486.645422468  1.097910338
 0.043503300 1486.666488037  1.098059681
 0.043545100 1486.532435886  1.098205384
 0.043587000 1486.543891326  1.098360843
 0.043628900 1486.445511415  1.098521594
 0.043670800 1486.441484323  1.098680041
 0.043712700 1486.300063610  1.098826117
 0.043754600 1486.349329454  1.098976386
 0.043796500 1486.298809908  1.099131576
 0.043838500 1486.353256680  1.099283605
 0.043880400 1486.290651371  1.099436396
 0.043922400 1486.302284660  1.099577832
 0.043964400 1486.207239442  1.099724103
 0.044006300 1486.232319685  1.099881720
 0.044048300 1486.152328397  1.100033834
 0.044090300 1486.126749206  1.100186033
 0.044132400 1485.999716371  1.100333842
 0.044174400 1486.052661958  1.100491842
 0.044216400 1485.934351401  1.100647779
 0.044258500 1485.941772350  1.100801666
 0.044300600 1485.857093839  1.100947004
 0.044342700 1485.865895842  1.101108464
 0.044384800 1485.807093760  1.101260281
 0.044426900 1485.841703129  1.101419291
 0.044469000 1485.758646991  1.101569802
 0.044511200 1485.752964209  1.101709429
 0.044553300 1485.710640988  1.101875995
 0.044595500 1485.691030794  1.102028491
 0.044637700 1485.679881666  1.102184416
 0.044679900 1485.614926330  1.102337089
 0.044722100 1485.518700262  1.102483271
 0.044764300 1485.484206749  1.102639215
 0.044806500 1485.427748509  1.102800221
 0.044848700 1485.396060873  1.102945536
 0.044890900 1485.349660040  1.103098145
 0.044933200 1485.294812870  1.103255413
 0.044975400 1485.231459987  1.103412318
 0.045017700 1485.197415739  1.103562132
 0.045059900 1485.081647045  1.103710493
 0.045102200 1485.108145513  1.103867337
 0.045144500 1485.065580333  1.104022721
 0.045186800 1485.001504898  1.104176544
 0.045229100 1484.912507708  1.104326107
 0.045271300 1484.866142445  1.104472018
 0.045313700 1484.804563915  1.104637332
 0.045356000 1484.803184520  1.104784332
 0.045398300 1484.774572355  1.104945550
 0.045440600 1484.691275669  1.105094062
 0.045483000 1484.580897094  1.105234844
 0.045525300 1484.577524469  1.105398332
 0.045567600 1484.514273681  1.105548724
 0.045610000 1484.468882434  1.105691361
 0.045652400 1484.416710775  1.105854512
 0.045694800 1484.373637249  1.106007815
 0.045737100 1484.302966651  1.106159608
 0.045779500 1484.256578322  1.106315026
 0.045821900 1484.202453836  1.106457394
 0.045864400 1484.180860275  1.106612799
 0.045906800 1484.113954177  1.106774109
 0.045949200 1484.059732208  1.106928875
 0.045991700 1483.978989192  1.107071355
 0.046034100 1483.910520719  1.107219977
 0.046076600 1483.909351733  1.107377654
 0.046119000 1483.871680534  1.107529375
 0.046161500 1483.809698632  1.107692146
 0.046204000 1483.737794526  1.107835696
 0.046246500 1483.653142447  1.107983021
 0.046289100 1483.630200022  1.108144940
 0.046331600 1483.588443113  1.108289960
 0.046374100 1483.540581692  1.108439370
 0.046416700 1483.468173884  1.108600032
 0.046459200 1483.402673341  1.108742969
 0.046501800 1483.379985912  1.108905350
 0.046544400 1483.329192264  1.109055233
 0.046587000 1483.259907227  1.109193375
 0.046629600 1483.234393287  1.109357527
 0.046672200 1483.166898595  1.109513212
 0.046714900 1483.116111013  1.109659192
 0.046757500 1483.029316884  1.109815976
 0.046800200 1483.010957997  1.109960554
 0.046842900 1482.967168564  1.110113307
 0.046885600 1482.922131905  1.110273924
 0.046928300 1482.859135476  1.110430664
 0.046971000 1482.810666326  1.110575763
 0.047013700 1482.721556093  1.110726885
 0.047056500 1482.730930046  1.110884067
 0.047099200 1482.685513079  1.111032635
 0.047142000 1482.604037292  1.111181653
 0.047184700 1482.548523433  1.111340695
 0.047227500 1482.513808802  1.111490138
 0.047270300 1482.432122043  1.111648163
 0.047313100 1482.439009475  1.111799027
 0.047355900 1482.354707117  1.111942665
 0.047398700 1482.317898050  1.112105540
 0.047441500 1482.239298079  1.112256103
 0.047484300 1482.215366595  1.112409743
 0.047527100 1482.152564436  1.112559889
 0.047569900 1482.086210068  1.112699704
 0.047612800 1482.056620802  1.112862326
 0.047655600 1481.992414657  1.113015889
 0.047698400 1481.948726343  1.113170707
 0.047741300 1481.883168011  1.113319785
 0.047784200 1481.832257699  1.113463418
 0.047827000 1481.801483176  1.113615887
 0.047869900 1481.741926668  1.113773465
 0.047912800 1481.655348493  1.113918273
 0.047955700 1481.602819830  1.114068996
 0.047998600 1481.555775135  1.114224212
 0.048041500 1481.542768826  1.114378410
 0.048084400 1481.496669846  1.114527043
 0.048127300 1481.386667663  1.114675255
 0.048170200 1481.363362567  1.114833102
 0.048213200 1481.306443047  1.114983409
 0.048256100 1481.246393945  1.115138911
 0.048299100 1481.220265081  1.115283627
 0.048342100 1481.163409387  1.115430049
 0.048385000 1481.101709344  1.115593567
 0.048428000 1481.050864181  1.115741509
 0.048471000 1481.014948453  1.115899269
 0.048514000 1480.949841611  1.116047496
 0.048557000 1480.894296245  1.116187063
 0.048600100 1480.873173548  1.116349431
 0.048643100 1480.776397007  1.116498689
 0.048686200 1480.719979869  1.116643156
 0.048729200 1480.673546122  1.116806038
 0.048772300 1480.658480737  1.116951685
 0.048815400 1480.604674318  1.117101685
 0.048858500 1480.550618867  1.117259142
 0.048901600 1480.445263782  1.117402625
 0.048944700 1480.414855429  1.117552677
 0.048987800 1480.361363444  1.117715311
 0.049030900 1480.359495846  1.117863645
 0.049074100 1480.285209125  1.118008002
 0.049117200 1480.213392252  1.118154933
 0.049160400 1480.148779058  1.118310460
 0.049203600 1480.124915183  1.118463352
 0.049246800 1480.042988054  1.118621359
 0.049290000 1480.029060207  1.118765541
 0.049333200 1479.963114552  1.118908891
 0.049376500 1479.911423663  1.119065920
 0.049419700 1479.836484285  1.119218874
 0.049463000 1479.792899149  1.119366246
 0.049506200 1479.749671018  1.119526045
 0.049549500 1479.710512620  1.119670601
 0.049592800 1479.692648745  1.119831168
 0.049636100 1479.623048728  1.119983016
 0.049679400 1479.511424986  1.120122150
 0.049722800 1479.504496090  1.120282013
 0.049766100 1479.479783346  1.120434974
 0.049809400 1479.439043174  1.120584651
 0.049852700 1479.366447963  1.120737446
 0.049896100 1479.284438658  1.120883440
 0.049939400 1479.238893117  1.121036038
 0.049982800 1479.190015331  1.121191404
 0.050026100 1479.176674697  1.121345335
 0.050069500 1479.111902209  1.121487671
 0.050112900 1479.023437662  1.121637012
 0.050156200 1478.978632250  1.121793521
 0.050199600 1478.912831633  1.121940765
 0.050243000 1478.840591780  1.122087676
 0.050286400 1478.826038138  1.122240738
 0.050329800 1478.792571878  1.122388530
 0.050373200 1478.715810918  1.122546367
 0.050416600 1478.663356153  1.122694914
 0.050460100 1478.576551921  1.122836683
 0.050503500 1478.539510641  1.122999431
 0.050546900 1478.523281939  1.123145324
 0.050590400 1478.492446452  1.123301074
 0.050633800 1478.396498772  1.123448332
 0.050677300 1478.319437900  1.123586336
 0.050720800 1478.267782567  1.123749481
 0.050764300 1478.244699983  1.123896894
 0.050807700 1478.226470916  1.124051300
 0.050851200 1478.148484606  1.124200787
 0.050894800 1478.048301639  1.124345367
 0.050938300 1478.016688570  1.124495928
 0.050981800 1477.948825927  1.124653700
 0.051025300 1477.929331579  1.124796884
 0.051068900 1477.895484003  1.124947363
 0.051112400 1477.828903966  1.125101405
 0.051156000 1477.758501907  1.125255040
 0.051199600 1477.720161794  1.125403256
 0.051243100 1477.621272557  1.125551039
 0.051286700 1477.639752208  1.125704645
 0.051330300 1477.602184856  1.125856344
 0.051373900 1477.528143727  1.126006880
 0.051417600 1477.433447977  1.126153148
 0.051461200 1477.401742854  1.126298623
 0.051504900 1477.322396228  1.126457039
 0.051548500 1477.317859247  1.126602737
 0.051592200 1477.292565830  1.126760302
 0.051635900 1477.205784220  1.126907082
 0.051679500 1477.105967541  1.127044076
 0.051723200 1477.104615128  1.127205656
 0.051767000 1477.039407822  1.127352587
 0.051810700 1476.997291891  1.127495187
 0.051854400 1476.928809121  1.127653483
 0.051898200 1476.877045831  1.127803397
 0.051941900 1476.814592961  1.127951560
 0.051985700 1476.762024901  1.128105351
 0.052029500 1476.710182743  1.128247597
 0.052073300 1476.679304937  1.128399870
 0.052117100 1476.625917229  1.128560776
 0.052160900 1476.566960348  1.128710456
 0.052204800 1476.483915172  1.128853107
 0.052248600 1476.404083874  1.129000211
 0.052292400 1476.381962832  1.129154849
 0.052336300 1476.326645971  1.129305209
 0.052380100 1476.263504905  1.129462509
 0.052424000 1476.239171027  1.129605028
 0.052467900 1476.144863060  1.129749161
 0.052511800 1476.097251265  1.129904202
 0.052555600 1476.073471569  1.130052446
 0.052599500 1475.979269317  1.130197876
 0.052643400 1475.940685169  1.130357235
 0.052687300 1475.901580705  1.130498178
 0.052731200 1475.851099487  1.130657890
 0.052775100 1475.789103448  1.130806194
 0.052819000 1475.724214296  1.130942280
 0.052863000 1475.650088694  1.131100653
 0.052906900 1475.618536767  1.131249914
 0.052950800 1475.578758329  1.131395983
 0.052994800 1475.502679678  1.131550566
 0.053038700 1475.440499575  1.131689191
 0.053082700 1475.405758956  1.131841594
 0.053126600 1475.332199059  1.131997612
 0.053170600 1475.311611021  1.132149753
 0.053214600 1475.242164600  1.132290375
 0.053258600 1475.142883887  1.132438147
 0.053302600 1475.124499888  1.132588931
 0.053346600 1475.081024368  1.132735567
 0.053390600 1474.969577617  1.132883554
 0.053434600 1474.963980008  1.133036074
 0.053478600 1474.924480611  1.133183988
 0.053522600 1474.830129836  1.133338666
 0.053566700 1474.822700855  1.133484519
 0.053610700 1474.740730991  1.133627940
 0.053654800 1474.705247708  1.133787154
 0.053698800 1474.667674185  1.133935111
 0.053742900 1474.607774052  1.134086315
 0.053787000 1474.531295054  1.134233076
 0.053831100 1474.481046953  1.134370534
 0.053875200 1474.449406784  1.134531151
 0.053919300 1474.390205187  1.134677896
 0.053963400 1474.361972810  1.134832412
 0.054007600 1474.272535150  1.134982114
 0.054051700 1474.232679847  1.135123320
 0.054095900 1474.190799052  1.135272591
 0.054140000 1474.117939264  1.135428660
 0.054184200 1474.059172781  1.135567620
 0.054228400 1474.017428035  1.135718143
 0.054272600 1473.933781673  1.135870837
 0.054316800 1473.918507438  1.136023128
 0.054361000 1473.874364918  1.136168074
 0.054405200 1473.766383940  1.136312453
 0.054449400 1473.755591563  1.136465024
 0.054493700 1473.720689679  1.136614738
 0.054538000 1473.620517229  1.136765975
 0.054582200 1473.593841527  1.136908763
 0.054626500 1473.525216951  1.137053708
 0.054670800 1473.489513945  1.137208949
 0.054715100 1473.426517663  1.137354361
 0.054759400 1473.408450292  1.137509752
 0.054803700 1473.330829189  1.137652587
 0.054848100 1473.254028000  1.137791276
 0.054892400 1473.211373035  1.137947348
 0.054936800 1473.171696027  1.138098947
 0.054981200 1473.061715218  1.138238312
 0.055025500 1473.007752028  1.138396677
 0.055069900 1472.978913228  1.138548422
 0.055114300 1472.896279804  1.138695984
 0.055158700 1472.826579708  1.138844337
 0.055203100 1472.777539363  1.138982661
 0.055247500 1472.748629810  1.139145603
 0.055291900 1472.661218296  1.139288009
 0.055336300 1472.653959837  1.139442162
 0.055380700 1472.536933931  1.139578204
 0.055425200 1472.482950582  1.139726500
 0.055469600 1472.459502821  1.139874406
 0.055514000 1472.391987377  1.140026400
 0.055558500 1472.322069664  1.140181230
 0.055602900 1472.230356514  1.140322753
 0.055647400 1472.182870192  1.140465240
 0.055691800 1472.111913997  1.140613646
 0.055736300 1472.111968773  1.140768510
 0.055780800 1471.970008059  1.140904356
 0.055825300 1471.983020340  1.141062878
 0.055869800 1471.883131112  1.141204084
 0.055914200 1471.883594941  1.141359789
 0.055958700 1471.776998546  1.141499096
 0.056003300 1471.741890392  1.141645228
 0.056047800 1471.664606060  1.141796085
 0.056092300 1471.651751107  1.141946591
 0.056136800 1471.583910565  1.142090623
 0.056181400 1471.500844489  1.142240910
 0.056225900 1471.460857260  1.142381306
 0.056270500 1471.379227595  1.142531926
 0.056315000 1471.348684498  1.142682267
 0.056359600 1471.301005821  1.142833164
 0.056404200 1471.254579459  1.142980871
 0.056448700 1471.158713598  1.143116717
 0.056493300 1471.156032211  1.143272443
 0.056537900 1471.074030204  1.143421739
 0.056582500 1471.018156121  1.143564999
 0.056627200 1470.970669725  1.143713150
 0.056671800 1470.915682886  1.143861357
 0.056716400 1470.897884261  1.144014410
 0.056761100 1470.802327745  1.144158215
 0.056805700 1470.750809543  1.144302210
 0.056850400 1470.677761269  1.144451347
 0.056895100 1470.690750114  1.144608762
 0.056939700 1470.564630880  1.144749704
 0.056984400 1470.563392177  1.144897681
 0.057029100 1470.457521018  1.145037486
 0.057073900 1470.449130450  1.145195085
 0.057118600 1470.356795733  1.145334107
 0.057163300 1470.381489841  1.145492705
 0.057208000 1470.254777593  1.145630770
 0.057252800 1470.215263868  1.145775051
 0.057297600 1470.162116588  1.145923659
 0.057342300 1470.111523039  1.146073383
 0.057387100 1470.048720345  1.146217590
 0.057431900 1469.995577931  1.146368399
 0.057476700 1469.937426904  1.146513268
 0.057521500 1469.873373540  1.146659510
 0.057566400 1469.837377253  1.146810262
 0.057611200 1469.731394029  1.146943049
 0.057656000 1469.735298995  1.147100143
 0.057700900 1469.658031024  1.147251280
 0.057745800 1469.618358955  1.147399417
 0.057790600 1469.536617342  1.147537850
 0.057835500 1469.471346283  1.147683001
 0.057880400 1469.447156540  1.147832329
 0.057925400 1469.376514836  1.147981051
 0.057970300 1469.342914188  1.148133091
 0.058015200 1469.239564170  1.148274936
 0.058060100 1469.213548395  1.148418588
 0.058105000 1469.102551873  1.148564678
 0.058150000 1469.116957413  1.148717306
 0.058194900 1468.995656126  1.148852472
 0.058239800 1468.982885071  1.149008173
 0.058284800 1468.880007102  1.149144225
 0.058329700 1468.899161483  1.149301118
 0.058374700 1468.764966636  1.149443038
 0.058419700 1468.736747163  1.149585352
 0.058464600 1468.677368948  1.149733857
 0.058509600 1468.667234688  1.149893118
 0.058554600 1468.582881021  1.150030638
 0.058599600 1468.501955735  1.150170422
 0.058644600 1468.386372247  1.150315211
 0.058689600 1468.302689320  1.150457060
 0.058734600 1468.246405444  1.150617186
 0.058779600 1468.133831686  1.150760481
 0.058824600 1468.094949660  1.150916119
 0.058869600 1468.008328010  1.151064048
 0.058914600 1467.984921960  1.151215156
 0.058959700 1467.867607119  1.151349625
 0.059004700 1467.819768733  1.151495687
 0.059049800 1467.748666016  1.151636680
 0.059094800 1467.688536903  1.151778300
 0.059139900 1467.628120666  1.151931985
 0.059185000 1467.565447064  1.152071447
 0.059230100 1467.533433100  1.152221061
 0.059275200 1467.411782850  1.152368327
 0.059320200 1467.438183404  1.152519807
 0.059365400 1467.289077412  1.152660658
 0.059410500 1467.292562851  1.152810749
 0.059455600 1467.145304606  1.152945734
 0.059500700 1467.070325074  1.153093342
 0.059545800 1467.037805598  1.153246429
 0.059591000 1466.973320397  1.153391493
 0.059636100 1466.890360318  1.153533235
 0.059681300 1466.848222747  1.153681713
 0.059726500 1466.796705687  1.153831922
 0.059771700 1466.772560784  1.153986817
 0.059816800 1466.712805867  1.154124429
 0.059862000 1466.635094354  1.154261023
 0.059907200 1466.583623188  1.154402558
 0.059952500 1466.533315710  1.154554460
 0.059997700 1466.487696998  1.154704340
 0.060042900 1466.407943232  1.154844265
 0.060088200 1466.334476664  1.154993603
 0.060133400 1466.292342563  1.155141752
 0.060178700 1466.243731209  1.155288511
 0.060223900 1466.190088932  1.155427784
 0.060269200 1466.153451261  1.155582738
 0.060314500 1466.056655674  1.155714833
 0.060359800 1466.016577119  1.155864714
 0.060405100 1465.962644974  1.156011486
 0.060450400 1465.892302469  1.156152658
 0.060495800 1465.832435962  1.156301508
 0.060541100 1465.773136630  1.156444868
 0.060586500 1465.747239564  1.156598069
 0.060631800 1465.682771540  1.156739509
 0.060677200 1465.647504508  1.156883557
 0.060722600 1465.550119572  1.157021080
 0.060768000 1465.485309110  1.157162854
 0.060813400 1465.436557894  1.157311385
 0.060858800 1465.386173536  1.157451771
 0.060904200 1465.290700575  1.157603464
 0.060949600 1465.236808524  1.157748434
 0.060995100 1465.194570013  1.157896825
 0.061040500 1465.131401949  1.158032891
 0.061085900 1465.081183989  1.158181136
 0.061131400 1465.025852309  1.158322418
 0.061176800 1464.960771143  1.158464219
 0.061222300 1464.897121760  1.158613280
 0.061267800 1464.842187637  1.158757324
 0.061313200 1464.774895372  1.158906307
 0.061358700 1464.720356894  1.159051298
 0.061404200 1464.673931615  1.159198071
 0.061449700 1464.658257004  1.159348699
 0.061495200 1464.576288045  1.159489207
 0.061540600 1464.515936301  1.159626964
 0.061586100 1464.444695236  1.159767089
 0.061631600 1464.380103578  1.159909096
 0.061677200 1464.312813003  1.160057421
 0.061722700 1464.260581936  1.160202242
 0.061768200 1464.165432263  1.160348261
 0.061813700 1464.117401417  1.160495089
 0.061859300 1464.083746123  1.160642823
 0.061904800 1464.002340007  1.160781579
 0.061950300 1463.986472284  1.160932203
 0.061995900 1463.895209392  1.161065671
 0.062041500 1463.831174896  1.161207629
 0.062087000 1463.796658940  1.161360542
 0.062132600 1463.717541530  1.161498737
 0.062178200 1463.645226858  1.161644086
 0.062223800 1463.593165600  1.161789289
 0.062269400 1463.559041238  1.161937043
