 0.000000005 551527.480252463 145.370519919
 0.000000022 95099.787355975 23.344993436
 0.000000079 43800.386774987  9.895229049
 0.000000274 28746.719399949  6.462694661
 0.000000933 20088.743329240  4.800745128
 0.000003081 14300.012228350  3.669124622
 0.000006123 11763.030271806  3.143530679
 0.000009218 10212.331464391  2.798711003
 0.000012367 9119.673910411  2.549556845
 0.000015569 8407.803614997  2.389854705
 0.000018823 7869.498377893  2.268378994
 0.000022130 7460.280235870  2.176269005
 0.000025489 7139.837983670  2.104601849
 0.000028900 6871.573055688  2.044635875
 0.000032364 6688.956158610  2.005869573
 0.000035882 6527.419863465  1.971474656
 0.000039453 6389.714567876  1.942358029
 0.000043079 6267.817048256  1.916580482
 0.000046758 6160.932539732  1.894219114
 0.000050492 6064.672325791  1.874076336
 0.000054280 5974.908415220  1.855160634
 0.000058125 5894.900810530  1.838523948
 0.000062026 5819.711979427  1.822792301
 0.000065986 5748.827723801  1.807891728
 0.000070005 5683.612884706  1.794313912
 0.000074086 5622.062591852  1.781458577
 0.000078229 5562.028036304  1.768809709
 0.000082438 5508.305411416  1.757689895
 0.000086715 5452.109749117  1.745750459
 0.000091063 5406.825589210  1.736565922
 0.000095483 5353.215567364  1.725023526
 0.000099980 5306.379316698  1.715219591
 0.000104556 5264.970181595  1.706775499
 0.000109214 5219.876172596  1.697239098
 0.000113958 5172.602130346  1.687024034
 0.000118792 5131.112332044  1.678303148
 0.000123720 5097.335361285  1.671599057
 0.000128747 5058.724243850  1.663526323
 0.000133878 5014.933696457  1.653992109
 0.000139109 4981.809996965  1.647274968
 0.000144388 4942.516953027  1.638850991
 0.000149709 4907.167320328  1.631402153
 0.000155072 4876.516567080  1.625147982
 0.000160480 4838.292239083  1.616824496
 0.000165934 4804.135805260  1.609522545
 0.000171436 4770.537064153  1.602325117
 0.000176987 4738.028682650  1.595420774
 0.000182590 4710.812001118  1.589831323
 0.000188248 4670.988458428  1.580826344
 0.000193961 4637.775272567  1.573571433
 0.000199733 4607.838832811  1.567163330
 0.000205566 4573.136835967  1.559450053
 0.000211462 4548.789524478  1.554511114
 0.000217425 4510.103630854  1.545641076
 0.000223455 4478.905532550  1.538789751
 0.000229558 4448.249366224  1.532058142
 0.000235735 4418.202436863  1.525466191
 0.000241990 4387.864535426  1.518720723
 0.000248327 4357.927172971  1.511927118
 0.000254751 4329.097666985  1.505370142
 0.000261264 4303.985962048  1.499826945
 0.000267857 4275.597264604  1.493514993
 0.000274495 4250.118988910  1.488229410
 0.000281175 4221.685124702  1.482065981
 0.000287897 4189.397225625  1.474811579
 0.000294664 4162.012488901  1.468817639
 0.000301476 4132.560458397  1.462208670
 0.000308334 4106.446514838  1.456468253
 0.000315241 4080.609181350  1.450737286
 0.000322198 4055.666618207  1.445247576
 0.000329209 4031.152899744  1.439865774
 0.000336273 4007.382257100  1.434636621
 0.000343395 3984.221723754  1.429567739
 0.000350575 3961.392525738  1.424580149
 0.000357817 3939.363004653  1.419737106
 0.000365121 3918.268233531  1.415153147
 0.000372490 3897.652570784  1.410635758
 0.000379927 3877.519828360  1.406244573
 0.000387435 3857.960121346  1.401987487
 0.000395016 3839.044767362  1.397882896
 0.000402673 3820.787956513  1.393948084
 0.000410398 3803.316654249  1.390181008
 0.000418171 3786.667883438  1.386629318
 0.000425990 3770.728545100  1.383233603
 0.000433854 3755.358351644  1.379983418
 0.000441763 3740.484584018  1.376824716
 0.000449716 3726.325003098  1.373815790
 0.000457715 3712.372154761  1.370856043
 0.000465760 3698.883758474  1.368011543
 0.000473852 3685.915505160  1.365277778
 0.000481992 3673.142143418  1.362579738
 0.000490183 3666.231164834  1.361445102
 0.000498425 3651.048335211  1.358119846
 0.000506720 3637.519634627  1.355182954
 0.000515071 3625.605903331  1.352681208
 0.000523478 3615.953328897  1.350780839
 0.000531944 3602.744789900  1.347894401
 0.000540471 3591.798511277  1.345640883
 0.000549061 3584.867623847  1.344477875
 0.000557709 3571.427053910  1.341458974
 0.000566403 3558.551083154  1.338643678
 0.000575142 3547.355536397  1.336255075
 0.000583928 3536.464311207  1.333950391
 0.000592761 3525.878776063  1.331697480
 0.000601641 3515.089679924  1.329431028
 0.000610569 3508.936758802  1.328383374
 0.000619543 3495.753113772  1.325458906
 0.000628563 3484.016050923  1.322875541
 0.000637630 3473.414968339  1.320603819
 0.000646745 3466.896075938  1.319429218
 0.000655908 3453.122646203  1.316303918
 0.000665122 3441.953757013  1.313853546
 0.000674387 3433.775431544  1.312214730
 0.000683704 3421.549559110  1.309495241
 0.000693064 3415.275759704  1.308353926
 0.000702467 3402.851383684  1.305553202
 0.000711916 3390.868807218  1.302886025
 0.000721410 3384.463960726  1.301708592
 0.000730951 3370.417385208  1.298467732
 0.000740540 3360.252261123  1.296276077
 0.000750177 3350.506287028  1.294168871
 0.000759862 3340.216339998  1.291928983
 0.000769597 3329.747450049  1.289661661
 0.000779382 3320.040803436  1.287567788
 0.000789217 3310.339556640  1.285448479
 0.000799095 3300.867662307  1.283424380
 0.000809011 3291.116826901  1.281275359
 0.000818966 3283.122402810  1.279649097
 0.000828960 3272.292317363  1.277256590
 0.000838994 3266.047029923  1.276087578
 0.000849070 3254.355952251  1.273442809
 0.000859187 3244.769599281  1.271355976
 0.000869349 3237.845119432  1.269983180
 0.000879555 3227.172440622  1.267628019
 0.000889807 3221.958223424  1.266695477
 0.000900106 3210.462261020  1.264094063
 0.000910454 3202.304002703  1.262353577
 0.000920851 3195.739606184  1.261081408
 0.000931297 3186.533459204  1.259087484
 0.000941789 3181.729607157  1.258269309
 0.000952317 3171.526414536  1.255988479
 0.000962881 3164.070105390  1.254459417
 0.000973481 3157.054127479  1.253041187
 0.000984119 3149.661971067  1.251518851
 0.000994796 3144.030208867  1.250453671
 0.001005510 3135.752386630  1.248704739
 0.001016270 3131.352192655  1.247940426
 0.001027070 3122.516857847  1.246036024
 0.001037900 3115.219911529  1.244525276
 0.001048790 3110.072195808  1.243576896
 0.001059710 3101.709160167  1.241788627
 0.001070680 3097.558499128  1.241124195
 0.001081700 3088.579770744  1.239154803
 0.001092760 3081.817344935  1.237775277
 0.001103870 3076.343746079  1.236743277
 0.001115020 3068.563081060  1.235094419
 0.001126200 3064.402523946  1.234414918
 0.001137420 3055.513883638  1.232478549
 0.001148670 3048.934287886  1.231139772
 0.001159960 3042.542881696  1.229844826
 0.001171290 3035.740159884  1.228445254
 0.001182650 3030.237648047  1.227400621
 0.001194050 3022.562485112  1.225772508
 0.001205500 3018.088048182  1.224987950
 0.001216980 3009.926912323  1.223220397
 0.001228510 3003.079545090  1.221804226
 0.001240070 2998.044500079  1.220889912
 0.001251690 2990.489868408  1.219287244
 0.001263340 2986.375572514  1.218599446
 0.001275050 2978.312662702  1.216848266
 0.001286790 2971.950712414  1.215575512
 0.001298570 2966.890194201  1.214624253
 0.001310380 2959.936858406  1.213159798
 0.001322220 2955.914545436  1.212504463
 0.001334100 2948.082462940  1.210811576
 0.001346010 2942.217891488  1.209654869
 0.001357960 2936.699812986  1.208585257
 0.001369950 2930.682416941  1.207376177
 0.001381970 2925.872450059  1.206497947
 0.001394040 2919.204566344  1.205116972
 0.001406140 2915.092020964  1.204441337
 0.001418290 2908.085661696  1.202962846
 0.001430480 2902.137274212  1.201752038
 0.001442710 2897.692610500  1.200971464
 0.001454980 2891.162233068  1.199620960
 0.001467300 2887.557319299  1.199050140
 0.001479650 2880.639184637  1.197595925
 0.001492030 2875.173398494  1.196519532
 0.001504440 2870.769608341  1.195740623
 0.001516890 2864.668312201  1.194498234
 0.001529370 2861.143290951  1.193947521
 0.001541890 2854.452910711  1.192558734
 0.001554440 2849.374115807  1.191583033
 0.001567030 2844.809393981  1.190738810
 0.001579650 2839.766524254  1.189772522
 0.001592320 2835.820949550  1.189103748
 0.001605020 2830.251015997  1.188008815
 0.001617760 2826.944118603  1.187513240
 0.001630550 2821.257396882  1.186355435
 0.001643370 2816.313998975  1.185419877
 0.001656240 2812.759110085  1.184850841
 0.001669150 2807.503647679  1.183830605
 0.001682080 2804.607543727  1.183423503
 0.001695050 2798.979372030  1.182293392
 0.001708050 2794.490996967  1.181463960
 0.001721080 2790.980394736  1.180907740
 0.001734140 2786.169880998  1.179989043
 0.001747240 2783.224175666  1.179582406
 0.001760370 2778.161169949  1.178582300
 0.001773540 2774.092897409  1.177857661
 0.001786740 2770.169082209  1.177182382
 0.001799970 2765.940530844  1.176424093
 0.001813250 2762.776766450  1.175928857
 0.001826560 2758.100002680  1.175039965
 0.001839920 2755.281001625  1.174664694
 0.001853310 2750.528124515  1.173735114
 0.001866750 2746.330817266  1.172977030
 0.001880220 2743.234563316  1.172518143
 0.001893720 2738.597920658  1.171634645
 0.001907250 2735.997510226  1.171291395
 0.001920810 2731.142404131  1.170348641
 0.001934400 2727.124037703  1.169623084
 0.001948030 2723.986017869  1.169140508
 0.001961680 2719.520553037  1.168290420
 0.001975370 2717.014768161  1.167968500
 0.001989100 2712.024033845  1.166980980
 0.002002850 2708.328960689  1.166351693
 0.002016640 2704.683703614  1.165726221
 0.002030470 2700.700862867  1.165011476
 0.002044340 2697.876207095  1.164609219
 0.002058240 2693.719218113  1.163826208
 0.002072180 2691.195080797  1.163508938
 0.002086160 2686.656720017  1.162649931
 0.002100180 2682.944271343  1.161986011
 0.002114230 2680.054455893  1.161548422
 0.002128310 2675.832005867  1.160769834
 0.002142420 2673.437051924  1.160469793
 0.002156560 2669.047193353  1.159644731
 0.002170720 2665.436008965  1.159014737
 0.002184930 2662.639782246  1.158604849
 0.002199160 2658.751138190  1.157904041
 0.002213420 2656.449346954  1.157624018
 0.002227720 2652.113653500  1.156795296
 0.002242050 2648.886093121  1.156260726
 0.002256420 2645.775975580  1.155760527
 0.002270820 2642.432960120  1.155205315
 0.002285260 2639.660963768  1.154792300
 0.002299740 2635.982664704  1.154151779
 0.002314250 2633.602576746  1.153850960
 0.002328800 2629.612685922  1.153105896
 0.002343380 2626.333226309  1.152553369
 0.002357990 2623.684653011  1.152185107
 0.002372630 2620.082464911  1.151548106
 0.002387300 2617.957618666  1.151288722
 0.002402000 2614.067204935  1.150579339
 0.002416720 2610.934006764  1.150065980
 0.002431480 2608.363168445  1.149710066
 0.002446280 2604.715074832  1.149052927
 0.002461100 2602.688972980  1.148837033
 0.002475960 2598.755212193  1.148113726
 0.002490850 2595.633326112  1.147599172
 0.002505780 2592.737646875  1.147136045
 0.002520740 2590.437584543  1.146850468
 0.002535740 2586.613485736  1.146133541
 0.002550770 2584.543569891  1.145900834
 0.002565840 2580.812928313  1.145203906
 0.002580930 2578.708965523  1.144973495
 0.002596060 2575.159682080  1.144354138
 0.002611210 2572.997506142  1.144094328
 0.002626390 2569.445241243  1.143448360
 0.002641600 2567.154426330  1.143148807
 0.002656850 2563.905460259  1.142601040
 0.002672120 2561.645399575  1.142307044
 0.002687420 2558.471950819  1.141778553
 0.002702750 2555.978921219  1.141411184
 0.002718120 2553.089072281  1.140946317
 0.002733520 2550.478199680  1.140579793
 0.002748950 2548.515565797  1.140334294
 0.002764420 2545.125405590  1.139739447
 0.002779920 2543.268441663  1.139555884
 0.002795460 2539.889725138  1.138967736
 0.002811030 2537.817348400  1.138708266
 0.002826630 2534.735018147  1.138192646
 0.002842260 2532.622258949  1.137947995
 0.002857910 2529.655679835  1.137443489
 0.002873590 2527.256339117  1.137098461
 0.002889300 2524.556597038  1.136686770
 0.002905040 2522.075035120  1.136342555
 0.002920810 2520.244340173  1.136163787
 0.002936610 2517.037215403  1.135587472
 0.002952440 2515.223964648  1.135405411
 0.002968300 2512.143317605  1.134891551
 0.002984190 2510.068216710  1.134631013
 0.003000120 2507.272655507  1.134180739
 0.003016070 2505.280502618  1.133946948
 0.003032070 2502.602268984  1.133519854
 0.003048090 2500.461469714  1.133249168
 0.003064150 2497.935808930  1.132883309
 0.003080240 2495.852607425  1.132607747
 0.003096360 2494.159650826  1.132443450
 0.003112500 2491.240149378  1.131975068
 0.003128670 2489.668987653  1.131834516
 0.003144870 2486.737827735  1.131342151
 0.003161100 2484.670813560  1.131105174
 0.003177350 2482.200014490  1.130707748
 0.003193640 2480.215717441  1.130477611
 0.003209950 2477.649502223  1.130082952
 0.003226290 2475.690161299  1.129839741
 0.003242670 2473.233048148  1.129491828
 0.003259070 2471.183871968  1.129221873
 0.003275510 2469.553344048  1.129064278
 0.003291980 2466.884305824  1.128642555
 0.003308470 2465.237404225  1.128512799
 0.003325010 2462.601536623  1.128069186
 0.003341570 2460.881132532  1.127889639
 0.003358170 2458.307521196  1.127504308
 0.003374790 2456.516889822  1.127306317
 0.003391440 2454.161304477  1.126951158
 0.003408120 2452.150892002  1.126700934
 0.003424820 2449.981195961  1.126410874
 0.003441550 2447.941934429  1.126157544
 0.003458310 2446.525103458  1.126039007
 0.003475090 2443.876876902  1.125629401
 0.003491910 2442.338010539  1.125500932
 0.003508750 2439.780659253  1.125083316
 0.003525620 2438.126857245  1.124938031
 0.003542530 2435.934978796  1.124621466
 0.003559460 2434.200374579  1.124454327
 0.003576420 2432.141290405  1.124153239
 0.003593420 2430.240784066  1.123935468
 0.003610450 2428.190371285  1.123654896
 0.003627510 2426.256059154  1.123414158
 0.003644600 2424.681462229  1.123291755
 0.003661710 2422.250560529  1.122898402
 0.003678850 2420.871741878  1.122802404
 0.003696020 2418.358151219  1.122430846
 0.003713210 2416.845793707  1.122275939
 0.003730430 2414.633644075  1.121964383
 0.003747680 2413.010167977  1.121805617
 0.003764950 2410.840942302  1.121513015
 0.003782250 2409.189532819  1.121330523
 0.003799580 2407.233054905  1.121092688
 0.003816940 2405.625327012  1.120917367
 0.003834330 2404.267821006  1.120826391
 0.003851750 2401.911173205  1.120483271
 0.003869200 2400.657927749  1.120394998
 0.003886670 2398.418609318  1.120078942
 0.003904180 2396.839541487  1.119935401
 0.003921720 2394.787038427  1.119650970
 0.003939290 2393.239282489  1.119522258
 0.003956890 2391.214835555  1.119247174
 0.003974510 2389.561849793  1.119075373
 0.003992160 2387.704659613  1.118846625
 0.004009830 2386.016444939  1.118681656
 0.004027530 2384.700581077  1.118584932
 0.004045250 2382.543058338  1.118271101
 0.004063000 2381.376018387  1.118221994
 0.004080780 2379.179439107  1.117901696
 0.004098590 2377.827932075  1.117810238
 0.004116420 2376.037232226  1.117599322
 0.004134280 2374.475186638  1.117456793
 0.004152170 2372.611931824  1.117224871
 0.004170090 2371.110019084  1.117081394
 0.004188040 2369.367696271  1.116872985
 0.004206010 2367.871149371  1.116723811
 0.004224020 2366.657113770  1.116671062
 0.004242060 2364.528706324  1.116353859
 0.004260130 2363.328120295  1.116296507
 0.004278220 2361.342988784  1.116037616
 0.004296340 2359.918536485  1.115933537
 0.004314480 2358.125180374  1.115714002
 0.004332640 2356.742448030  1.115605167
 0.004350840 2355.036979520  1.115392108
 0.004369050 2353.537149126  1.115248218
 0.004387290 2351.879310427  1.115065463
 0.004405560 2350.450248324  1.114942247
 0.004423860 2349.289608490  1.114885196
 0.004442180 2347.520749278  1.114647079
 0.004460530 2346.407838914  1.114607500
 0.004478910 2344.447838150  1.114349605
 0.004497310 2343.231139329  1.114270039
 0.004515750 2341.500204949  1.114067879
 0.004534210 2340.190038004  1.113986507
 0.004552700 2338.420907661  1.113766756
 0.004571230 2337.053763603  1.113674997
 0.004589780 2335.551962655  1.113499963
 0.004608360 2334.146088229  1.113392992
 0.004626960 2333.113926770  1.113359775
 0.004645580 2331.294657309  1.113135687
 0.004664230 2330.279882764  1.113100764
 0.004682900 2328.445459674  1.112869857
 0.004701600 2327.169400221  1.112782032
 0.004720320 2325.654247570  1.112623757
 0.004739070 2324.439399419  1.112538185
 0.004757850 2322.844335603  1.112374112
 0.004776650 2321.543626885  1.112271446
 0.004795470 2320.086492544  1.112120197
 0.004814330 2318.821136726  1.112037467
 0.004833210 2317.692033021  1.112004038
 0.004852120 2316.033518637  1.111801305
 0.004871050 2315.070725690  1.111788728
 0.004890020 2313.474190805  1.111602427
 0.004909010 2312.241698180  1.111534115
 0.004928040 2310.640081928  1.111338255
 0.004947090 2309.587335783  1.111314040
 0.004966160 2307.989262473  1.111114227
 0.004985260 2306.767618068  1.111035619
 0.005004380 2305.380000692  1.110910775
 0.005023530 2304.117059859  1.110829613
 0.005042700 2303.172836486  1.110821905
 0.005061890 2301.493740232  1.110637443
 0.005081110 2300.620448689  1.110640604
 0.005100350 2299.010501970  1.110444069
 0.005119610 2297.941959218  1.110396220
 0.005138910 2296.541284103  1.110270892
 0.005158230 2295.442368447  1.110221810
 0.005177570 2294.027396784  1.110087030
 0.005196940 2292.765763240  1.110014952
 0.005216340 2291.405576075  1.109884150
 0.005235770 2290.213725200  1.109805214
 0.005255220 2289.313669229  1.109787339
 0.005274700 2287.747609467  1.109614187
 0.005294210 2286.846740748  1.109614338
 0.005313750 2285.297473827  1.109444707
 0.005333310 2284.262485170  1.109422379
 0.005352900 2282.853334500  1.109275424
 0.005372510 2281.826019099  1.109260777
 0.005392140 2280.470237505  1.109116112
 0.005411790 2279.456590738  1.109075280
 0.005431470 2278.165847777  1.108967952
 0.005451160 2277.082871310  1.108919591
 0.005470890 2276.202546109  1.108931012
 0.005490640 2274.719464181  1.108768748
 0.005510410 2273.812771851  1.108788254
 0.005530210 2272.352392299  1.108615808
 0.005550030 2271.450089971  1.108603931
 0.005569880 2270.150140808  1.108471191
 0.005589760 2269.124235540  1.108437221
 0.005609660 2267.756420825  1.108320294
 0.005629590 2266.732899212  1.108278082
 0.005649550 2265.506089270  1.108194453
 0.005669530 2264.409606340  1.108143499
 0.005689540 2263.586851089  1.108147803
 0.005709580 2262.133483210  1.107987033
 0.005729650 2261.300560458  1.108003611
 0.005749730 2259.787098929  1.107848117
 0.005769830 2258.890212546  1.107845550
 0.005789960 2257.608910452  1.107724396
 0.005810110 2256.651469728  1.107715239
 0.005830280 2255.414497406  1.107626078
 0.005850480 2254.392192113  1.107576428
 0.005870700 2253.285710721  1.107526972
 0.005890940 2252.270834852  1.107494885
 0.005911210 2251.490089480  1.107497325
 0.005931500 2250.135170729  1.107375259
 0.005951810 2249.385972228  1.107427670
 0.005972150 2247.940210253  1.107270487
 0.005992520 2247.041987340  1.107269551
 0.006012920 2245.768213171  1.107179475
 0.006033340 2244.852034281  1.107152824
 0.006053780 2243.620776443  1.107062377
 0.006074260 2242.689616717  1.107048653
 0.006094760 2241.486016140  1.106970310
 0.006115280 2240.455815917  1.106928932
 0.006135840 2239.698249027  1.106940628
 0.006156410 2238.429767333  1.106831006
 0.006177000 2237.719213941  1.106859158
 0.006197610 2236.434844363  1.106743977
 0.006218250 2235.561774400  1.106743801
 0.006238900 2234.412445807  1.106664495
 0.006259580 2233.522869587  1.106669317
 0.006280290 2232.381983264  1.106588000
 0.006301010 2231.532997673  1.106574614
 0.006321760 2230.452411310  1.106512676
 0.006342530 2229.497955886  1.106493546
 0.006363330 2228.792009034  1.106530596
 0.006384150 2227.512934222  1.106420033
 0.006405000 2226.900414218  1.106462906
 0.006425870 2225.593660641  1.106338778
 0.006446770 2224.752283721  1.106344556
 0.006467690 2223.631399347  1.106267860
 0.006488640 2222.730505722  1.106262425
 0.006509610 2221.691054097  1.106210421
 0.006530620 2220.765796733  1.106199586
 0.006551650 2219.815662380  1.106147987
 0.006572700 2218.930640120  1.106134958
 0.006593770 2218.223122515  1.106172171
 0.006614860 2217.057777487  1.106082759
 0.006635970 2216.391951430  1.106130928
 0.006657100 2215.174788176  1.106037847
 0.006678260 2214.408266179  1.106065149
 0.006699430 2213.332716850  1.105997376
 0.006720630 2212.551945031  1.106016549
 0.006741850 2211.507548755  1.105945076
 0.006763090 2210.687759755  1.105946437
 0.006784360 2209.672324061  1.105900420
 0.006805650 2208.818772926  1.105899156
 0.006826960 2208.170585541  1.105952820
 0.006848300 2206.997227223  1.105863448
 0.006869670 2206.360786473  1.105922728
 0.006891050 2205.230161269  1.105816110
 0.006912470 2204.476307772  1.105838552
 0.006933900 2203.467517871  1.105785093
 0.006955370 2202.667848550  1.105797950
 0.006976860 2201.685149460  1.105762823
 0.006998380 2200.859749532  1.105764237
 0.007019920 2199.918432207  1.105742459
 0.007041480 2199.111187345  1.105749844
 0.007063060 2198.508110998  1.105797718
 0.007084660 2197.435709784  1.105721423
 0.007106280 2196.849378306  1.105784837
 0.007127920 2195.749446978  1.105717191
 0.007149580 2195.032843286  1.105747412
 0.007171260 2194.024828029  1.105702798
 0.007192970 2193.307749822  1.105739442
 0.007214690 2192.294358024  1.105680677
 0.007236440 2191.580851124  1.105691154
 0.007258210 2190.664263407  1.105665024
 0.007280010 2189.884693526  1.105677823
 0.007301820 2189.309872477  1.105741113
 0.007323670 2188.214398921  1.105669516
 0.007345530 2187.641399303  1.105737515
 0.007367420 2186.493286733  1.105659748
 0.007389340 2185.801922954  1.105692208
 0.007411280 2184.886387121  1.105653696
 0.007433240 2184.188217671  1.105679241
 0.007455230 2183.321739921  1.105668357
 0.007477250 2182.567130916  1.105687929
 0.007499290 2181.692796357  1.105674507
 0.007521350 2180.923757988  1.105693325
 0.007543430 2180.371106777  1.105762448
 0.007565530 2179.378949769  1.105701211
 0.007587640 2178.868594548  1.105772767
 0.007609780 2177.845601145  1.105718033
 0.007631940 2177.188111191  1.105759795
 0.007654120 2176.270071445  1.105730026
 0.007676320 2175.586348078  1.105773118
 0.007698540 2174.665353331  1.105741685
 0.007720780 2173.932002783  1.105764904
 0.007743040 2173.082725351  1.105754109
 0.007765330 2172.417197725  1.105775429
 0.007787640 2171.882151060  1.105847029
 0.007809970 2170.884330870  1.105795049
 0.007832330 2170.333603314  1.105867986
 0.007854710 2169.317286290  1.105810816
 0.007877110 2168.652339877  1.105856892
 0.007899540 2167.779041894  1.105839769
 0.007921990 2167.172758606  1.105878390
 0.007944470 2166.415709689  1.105887556
 0.007966970 2165.917025183  1.105967814
 0.007989500 2165.055089848  1.105952663
 0.008012050 2164.231388168  1.105946574
 0.008034610 2163.463517071  1.105954834
 0.008057200 2162.732298685  1.105976004
 0.008079800 2161.973764128  1.105989236
 0.008102430 2161.261597203  1.106008708
 0.008125070 2160.846246501  1.106097620
 0.008147730 2160.000794992  1.106083627
 0.008170420 2159.192768296  1.106082700
 0.008193120 2158.446401601  1.106095694
 0.008215850 2157.676673701  1.106109572
 0.008238590 2157.262246328  1.106194364
 0.008261360 2156.429894665  1.106181837
 0.008284150 2155.654397871  1.106188737
 0.008306960 2154.899314557  1.106205561
 0.008329790 2154.173824697  1.106226856
 0.008352650 2153.444126596  1.106244890
 0.008375530 2152.753577251  1.106272570
 0.008398430 2152.307337226  1.106369329
 0.008421360 2151.415989619  1.106361886
 0.008444310 2150.730197485  1.106376962
 0.008467290 2149.968778522  1.106399612
 0.008490290 2149.356439370  1.106431519
 0.008513310 2148.882866874  1.106526888
 0.008536360 2148.132945927  1.106525878
 0.008559420 2147.333553163  1.106535267
 0.008582510 2146.722612889  1.106565268
 0.008605610 2145.949701848  1.106582709
 0.008628730 2145.319954257  1.106611610
 0.008651870 2144.604100303  1.106645089
 0.008675020 2144.214878241  1.106737690
 0.008698200 2143.395185197  1.106743881
 0.008721400 2142.744063809  1.106761000
 0.008744610 2141.996033982  1.106786649
 0.008767850 2141.412073590  1.106821148
 0.008791110 2140.912713523  1.106913744
 0.008814390 2140.213040971  1.106921759
 0.008837690 2139.438439460  1.106941029
 0.008861010 2138.802459508  1.106961130
 0.008884360 2138.112432259  1.106991958
 0.008907720 2137.479634157  1.107028146
 0.008931110 2136.817189536  1.107067321
 0.008954530 2136.462951288  1.107173064
 0.008977960 2135.710382368  1.107181293
 0.009001420 2135.041869600  1.107209724
 0.009024900 2134.367276056  1.107238663
 0.009048410 2133.764734204  1.107284350
 0.009071940 2133.364672130  1.107379292
 0.009095500 2132.654072757  1.107398116
 0.009119070 2131.962368026  1.107420295
 0.009142650 2131.341531149  1.107462933
 0.009166260 2130.674915010  1.107491434
 0.009189880 2130.059268872  1.107535703
 0.009213530 2129.463123259  1.107577909
 0.009237190 2129.068984934  1.107686566
 0.009260870 2128.341776252  1.107693475
 0.009284570 2127.689507269  1.107728288
 0.009308290 2127.043977553  1.107761556
 0.009332020 2126.439618753  1.107808989
 0.009355780 2126.055177113  1.107906945
 0.009379560 2125.357612847  1.107928770
 0.009403360 2124.695528303  1.107955329
 0.009427180 2124.070942031  1.107996187
 0.009451020 2123.489547196  1.108036177
 0.009474890 2122.888355307  1.108083535
 0.009498770 2122.324348329  1.108130261
 0.009522680 2121.992062711  1.108248183
 0.009546610 2121.276233874  1.108265269
 0.009570560 2120.686440003  1.108304273
 0.009594540 2120.034081550  1.108348233
 0.009618540 2119.497295328  1.108399231
 0.009642560 2119.084274423  1.108501673
 0.009666610 2118.423414084  1.108531374
 0.009690680 2117.785177718  1.108567854
 0.009714760 2117.211604481  1.108617844
 0.009738860 2116.612216307  1.108663793
 0.009762980 2116.056395959  1.108718580
 0.009787120 2115.493940076  1.108774066
 0.009811270 2114.962341097  1.108835186
 0.009835440 2114.431612340  1.108893142
 0.009859630 2113.924086161  1.108964194
 0.009883840 2113.466128831  1.109044816
 0.009908070 2112.726661314  1.109048252
 0.009932320 2112.187614332  1.109103061
 0.009956580 2111.656742978  1.109167869
 0.009980870 2111.144725106  1.109230684
 0.010005200 2110.737227583  1.109323929
 0.010029500 2109.961960329  1.109322205
 0.010053900 2109.451290120  1.109388146
 0.010078200 2108.905071938  1.109443318
 0.010102600 2108.418488937  1.109508569
 0.010127000 2107.859887354  1.109567513
 0.010151500 2107.385200999  1.109637886
 0.010175900 2106.876491773  1.109711145
 0.010200400 2106.241855022  1.109731168
 0.010224900 2105.767028390  1.109810190
 0.010249400 2105.305952657  1.109892840
 0.010274000 2104.928712581  1.109988549
 0.010298500 2104.208151696  1.109995538
 0.010323100 2103.708084366  1.110061016
 0.010347700 2103.151687957  1.110118172
 0.010372300 2102.742615467  1.110205706
 0.010397000 2102.342268764  1.110305958
 0.010421600 2101.654068254  1.110311267
 0.010446300 2101.158214978  1.110386120
 0.010471000 2100.664975549  1.110448718
 0.010495700 2100.044076318  1.110504439
 0.010520400 2099.613138977  1.110570211
 0.010545200 2099.063858086  1.110641643
 0.010569900 2098.691819283  1.110720014
 0.010594700 2098.070729853  1.110769765
 0.010619500 2097.562647748  1.110825675
 0.010644300 2097.109690344  1.110916660
 0.010669200 2096.810935371  1.111019192
 0.010694000 2096.149113183  1.111043735
 0.010718900 2095.608253720  1.111090685
 0.010743800 2095.172224113  1.111177899
 0.010768700 2094.662411732  1.111233201
 0.010793700 2094.350153964  1.111350657
 0.010818700 2093.673959917  1.111366941
 0.010843600 2093.258944534  1.111460407
 0.010868700 2092.720324778  1.111503055
 0.010893700 2092.211147687  1.111581040
 0.010918700 2091.771669339  1.111666847
 0.010943800 2091.415968015  1.111777196
 0.010968900 2090.718671722  1.111786671
 0.010994000 2090.250160879  1.111865150
 0.011019200 2089.828771104  1.111948274
 0.011044300 2089.277236133  1.111999452
 0.011069500 2088.774659094  1.112083618
 0.011094600 2088.412935221  1.112188523
 0.011119800 2087.853668070  1.112239671
 0.011145000 2087.586414155  1.112354365
 0.011170300 2086.983714432  1.112380408
 0.011195500 2086.531815180  1.112453286
 0.011220800 2086.011254483  1.112516193
 0.011246100 2085.512271829  1.112585454
 0.011271400 2085.054839911  1.112660346
 0.011296700 2084.563305621  1.112736694
 0.011322000 2084.216805285  1.112822769
 0.011347400 2083.721796738  1.112894015
 0.011372800 2083.330348630  1.112988301
 0.011398200 2082.798946299  1.113050055
 0.011423600 2082.323780357  1.113125541
 0.011449000 2082.034954255  1.113246499
 0.011474500 2081.412701334  1.113260470
 0.011500000 2081.038185283  1.113350551
 0.011525500 2080.551192257  1.113423359
 0.011551000 2080.132497247  1.113508320
 0.011576600 2079.837978886  1.113633577
 0.011602100 2079.243894836  1.113675461
 0.011627700 2078.774036103  1.113756733
 0.011653300 2078.310115234  1.113837264
 0.011679000 2077.937238433  1.113943359
 0.011704600 2077.377241340  1.113976214
 0.011730300 2076.947323773  1.114062977
 0.011755900 2076.517462180  1.114138934
 0.011781600 2076.153799913  1.114227503
 0.011807300 2075.767192525  1.114325656
 0.011833100 2075.259194496  1.114389643
 0.011858800 2074.972785450  1.114516633
 0.011884500 2074.345072191  1.114550639
 0.011910300 2073.931252859  1.114647481
 0.011936100 2073.465854451  1.114707869
 0.011961900 2073.042964480  1.114782926
 0.011987800 2072.653206188  1.114870774
 0.012013600 2072.243103867  1.114947698
 0.012039500 2071.873360752  1.115052642
 0.012065400 2071.396296559  1.115124563
 0.012091300 2071.066254976  1.115234691
 0.012117200 2070.526983394  1.115292740
 0.012143100 2070.142423754  1.115383240
 0.012169100 2069.925119542  1.115507606
 0.012195100 2069.328771132  1.115532728
 0.012221100 2068.940927139  1.115633073
 0.012247100 2068.527054954  1.115715393
 0.012273200 2068.123055650  1.115810884
 0.012299200 2067.862474458  1.115934495
 0.012325300 2067.283352302  1.115986737
 0.012351400 2066.865713161  1.116071107
 0.012377600 2066.450927652  1.116166284
 0.012403700 2066.179266755  1.116269368
 0.012429900 2065.639530131  1.116315793
 0.012456000 2065.256845210  1.116410433
 0.012482200 2064.838918107  1.116492931
 0.012508400 2064.451527597  1.116589613
 0.012534700 2064.112595809  1.116698139
 0.012560900 2063.652334668  1.116773148
 0.012587100 2063.369136939  1.116899589
 0.012613400 2062.830466599  1.116948628
 0.012639700 2062.499513777  1.117037649
 0.012666000 2062.058954430  1.117111570
 0.012692300 2061.653591777  1.117195779
 0.012718700 2061.257362027  1.117288495
 0.012745000 2060.857700259  1.117383787
 0.012771400 2060.501449904  1.117487439
 0.012797800 2060.048289450  1.117576816
 0.012824200 2059.719567785  1.117684774
 0.012850700 2059.263900227  1.117756789
 0.012877100 2058.885969041  1.117850567
 0.012903600 2058.656689918  1.117980658
 0.012930100 2058.153443892  1.118036842
 0.012956600 2057.748856989  1.118122666
 0.012983100 2057.426578448  1.118225602
 0.013009700 2057.040101121  1.118328351
 0.013036300 2056.675666557  1.118400313
 0.013062900 2056.250632289  1.118496146
 0.013089500 2055.960853768  1.118587396
 0.013116100 2055.699334797  1.118719248
 0.013142800 2055.250338414  1.118780820
 0.013169400 2054.819210053  1.118864494
 0.013196100 2054.502405867  1.118958366
 0.013222800 2054.163694260  1.119066951
 0.013249500 2053.793428127  1.119163555
 0.013276200 2053.342515794  1.119231505
 0.013303000 2053.032496789  1.119336217
 0.013329700 2052.836119811  1.119474914
 0.013356500 2052.336564031  1.119533638
 0.013383300 2051.929058961  1.119613829
 0.013410100 2051.564329077  1.119712932
 0.013436900 2051.373441557  1.119843054
 0.013463800 2050.941912143  1.119934383
 0.013490600 2050.545565483  1.119996355
 0.013517500 2050.198180290  1.120102135
 0.013544400 2049.818910816  1.120200164
 0.013571300 2049.546884068  1.120329060
 0.013598200 2049.080245782  1.120407020
 0.013625200 2048.809884687  1.120528695
 0.013652100 2048.325805325  1.120597430
 0.013679100 2047.880014251  1.120690379
 0.013706100 2047.524642253  1.120798779
 0.013733200 2047.334332411  1.120942835
 0.013760200 2046.898993262  1.121027371
 0.013787300 2046.464025391  1.121100993
 0.013814300 2046.182709369  1.121227404
 0.013841400 2045.757101825  1.121289943
 0.013868600 2045.427647553  1.121393096
 0.013895700 2045.106002076  1.121504305
 0.013922900 2044.816114767  1.121611150
 0.013950100 2044.463058532  1.121706049
 0.013977200 2044.093919996  1.121796356
 0.014004400 2043.817095111  1.121913779
 0.014031700 2043.311713897  1.121984725
 0.014058900 2043.074114703  1.122101286
 0.014086100 2042.678321506  1.122195526
 0.014113400 2042.419454481  1.122301061
 0.014140700 2042.037773176  1.122404316
 0.014168000 2041.722096764  1.122505088
 0.014195300 2041.382909157  1.122610490
 0.014222600 2041.013047480  1.122703563
 0.014250000 2040.721907404  1.122813033
 0.014277300 2040.371879112  1.122912914
 0.014304700 2040.065884819  1.123016470
 0.014332100 2039.712468195  1.123116902
 0.014359500 2039.540983862  1.123259588
 0.014386900 2039.090664516  1.123332791
 0.014414400 2038.812954280  1.123462447
 0.014441800 2038.391119483  1.123525802
 0.014469300 2038.036787441  1.123631374
 0.014496800 2037.782044735  1.123742039
 0.014524400 2037.557498221  1.123886642
 0.014551900 2037.207927429  1.123972284
 0.014579500 2036.799731404  1.124060490
 0.014607000 2036.545756374  1.124187421
 0.014634600 2036.138701316  1.124262880
 0.014662200 2035.860425822  1.124376518
 0.014689900 2035.537471296  1.124481264
 0.014717500 2035.294396485  1.124604172
 0.014745200 2034.923636681  1.124697975
 0.014772900 2034.601615536  1.124801029
 0.014800600 2034.267820930  1.124911172
 0.014828300 2033.926071692  1.125000313
 0.014856100 2033.607959439  1.125115476
 0.014883800 2033.340949784  1.125218008
 0.014911600 2033.017036085  1.125332977
 0.014939300 2032.752354653  1.125439238
 0.014967100 2032.386499629  1.125540321
 0.014994900 2032.118016978  1.125651726
 0.015022700 2031.795919490  1.125747336
 0.015050600 2031.542604691  1.125867360
 0.015078400 2031.199166420  1.125974244
 0.015106300 2030.970951198  1.126082592
 0.015134200 2030.639566192  1.126185907
 0.015162100 2030.485922680  1.126333754
 0.015190000 2030.013367290  1.126409112
 0.015217900 2029.834305297  1.126548171
 0.015245900 2029.360159387  1.126616360
 0.015273800 2029.066073933  1.126728875
 0.015301800 2028.855166277  1.126844035
 0.015329800 2028.650928342  1.126984075
 0.015357800 2028.293550393  1.127081215
 0.015385900 2027.917017275  1.127171339
 0.015413900 2027.666350037  1.127300464
 0.015442000 2027.285599527  1.127386840
 0.015470100 2026.993583389  1.127502917
 0.015498200 2026.783594283  1.127616479
 0.015526400 2026.531642160  1.127739924
 0.015554500 2026.206539129  1.127846763
 0.015582700 2025.873096729  1.127949771
 0.015610900 2025.611844061  1.128072087
 0.015639100 2025.216344283  1.128160729
 0.015667300 2024.998378309  1.128288703
 0.015695500 2024.757868297  1.128396236
 0.015723800 2024.469783236  1.128508124
 0.015752000 2024.173307592  1.128621213
 0.015780300 2023.844274140  1.128724042
 0.015808600 2023.574973468  1.128848523
 0.015836900 2023.255837673  1.128950603
 0.015865200 2022.966898775  1.129072112
 0.015893500 2022.754354684  1.129180527
 0.015921900 2022.484982739  1.129298876
 0.015950200 2022.195601634  1.129409884
 0.015978600 2022.019015438  1.129559745
 0.016007000 2021.608891926  1.129642292
 0.016035400 2021.415119819  1.129781443
 0.016063800 2021.009191634  1.129861862
 0.016092300 2020.792821280  1.129975949
 0.016120700 2020.513060597  1.130094624
 0.016149200 2020.354695064  1.130244361
 0.016177700 2019.995743680  1.130339091
 0.016206200 2019.645987077  1.130437832
 0.016234700 2019.486763451  1.130584817
 0.016263200 2019.174363385  1.130687339
 0.016291800 2018.894102480  1.130779486
 0.016320400 2018.731059993  1.130909631
 0.016349000 2018.425159587  1.131000743
 0.016377600 2018.147063498  1.131113119
 0.016406200 2018.003385700  1.131249802
 0.016434900 2017.679325243  1.131346634
 0.016463500 2017.402292644  1.131455608
 0.016492200 2017.192876935  1.131580288
 0.016520900 2016.946480989  1.131697893
 0.016549600 2016.672866927  1.131807295
 0.016578400 2016.445933428  1.131940149
 0.016607100 2016.142235373  1.132045823
 0.016635900 2015.910987827  1.132171797
 0.016664700 2015.634990517  1.132283910
 0.016693400 2015.361415875  1.132404532
 0.016722200 2015.021214278  1.132517425
 0.016751100 2014.837105249  1.132640772
 0.016779900 2014.573643513  1.132753278
 0.016808700 2014.374532304  1.132885227
 0.016837600 2014.078879387  1.132998584
 0.016866500 2013.767046475  1.133108391
 0.016895300 2013.702743425  1.133271350
 0.016924200 2013.296882908  1.133350137
 0.016953200 2013.045178850  1.133472823
 0.016982100 2012.773585050  1.133595478
 0.017011000 2012.518436464  1.133722629
 0.017040000 2012.267764137  1.133834383
 0.017069000 2011.940005608  1.133940658
 0.017098000 2011.752675099  1.134058679
 0.017127000 2011.503217192  1.134184537
 0.017156000 2011.266924838  1.134309211
 0.017185100 2010.975245628  1.134404465
 0.017214100 2010.757701777  1.134541334
 0.017243200 2010.524944836  1.134665061
 0.017272300 2010.232761730  1.134796378
 0.017301400 2009.951988772  1.134913424
 0.017330500 2009.727406288  1.135044626
 0.017359700 2009.503424350  1.135155706
 0.017388900 2009.251917549  1.135277135
 0.017418000 2009.113782152  1.135419959
 0.017447200 2008.774143345  1.135511508
 0.017476500 2008.536592882  1.135636913
 0.017505700 2008.336115372  1.135754426
 0.017535000 2008.105182230  1.135878349
 0.017564200 2007.845727577  1.135996585
 0.017593500 2007.590125666  1.136124536
 0.017622800 2007.361482858  1.136244269
 0.017652100 2007.155092496  1.136384363
 0.017681400 2006.892689878  1.136490457
 0.017710700 2006.621896153  1.136612647
 0.017740100 2006.330991291  1.136725722
 0.017769400 2006.146032523  1.136873926
 0.017798800 2005.861666583  1.136989672
 0.017828200 2005.580441361  1.137106597
 0.017857600 2005.330636588  1.137241485
 0.017887000 2005.189739393  1.137372653
 0.017916400 2004.901301653  1.137487455
 0.017945900 2004.672737331  1.137616039
 0.017975300 2004.566343060  1.137756241
 0.018004800 2004.236768149  1.137855868
 0.018034300 2003.969336181  1.137974736
 0.018063800 2003.691839368  1.138089893
 0.018093300 2003.433862910  1.138220072
 0.018122800 2003.278049691  1.138346765
 0.018152400 2002.968888100  1.138459178
 0.018181900 2002.742751634  1.138588217
 0.018211500 2002.527093185  1.138733014
 0.018241100 2002.348453436  1.138858794
 0.018270700 2002.004318058  1.138970053
 0.018300400 2001.813612698  1.139085619
 0.018330000 2001.558589662  1.139220469
 0.018359700 2001.385676006  1.139341133
 0.018389400 2001.093820446  1.139469869
 0.018419100 2000.950753152  1.139601475
 0.018448800 2000.672980524  1.139724904
 0.018478500 2000.492603424  1.139841242
 0.018508300 2000.252073526  1.139963618
 0.018538100 2000.155688083  1.140111834
 0.018567800 1999.790283342  1.140208768
 0.018597600 1999.626056091  1.140350241
 0.018627400 1999.439288493  1.140492042
 0.018657300 1999.283521858  1.140638981
 0.018687100 1998.913716467  1.140728333
 0.018716900 1998.667369952  1.140853083
 0.018746800 1998.466382694  1.140981231
 0.018776700 1998.271186803  1.141116702
 0.018806600 1998.022230505  1.141236824
 0.018836400 1997.825846903  1.141367659
 0.018866400 1997.703135382  1.141513055
 0.018896300 1997.447121924  1.141619645
 0.018926200 1997.220892770  1.141741284
 0.018956200 1997.028064442  1.141865889
 0.018986100 1996.830497141  1.141994321
 0.019016100 1996.635824135  1.142131436
 0.019046100 1996.374605800  1.142247599
 0.019076100 1996.121023277  1.142377303
 0.019106100 1995.865256008  1.142495118
 0.019136200 1995.625549214  1.142634599
 0.019166200 1995.511980410  1.142767982
 0.019196300 1995.255915620  1.142888968
 0.019226400 1995.102796851  1.143010414
 0.019256500 1994.793782115  1.143128349
 0.019286600 1994.688506041  1.143264435
 0.019316800 1994.502013199  1.143398886
 0.019346900 1994.303658875  1.143527059
 0.019377100 1994.064032017  1.143652878
 0.019407300 1993.830094100  1.143783276
 0.019437500 1993.627471329  1.143909871
 0.019467700 1993.439462324  1.144053135
 0.019497900 1993.252985262  1.144183126
 0.019528200 1992.979570619  1.144295930
 0.019558400 1992.771123431  1.144427323
 0.019588700 1992.563436780  1.144556396
 0.019619000 1992.348509187  1.144682999
 0.019649300 1992.168287345  1.144813353
 0.019679700 1992.041999116  1.144960462
 0.019710000 1991.781376856  1.145078919
 0.019740300 1991.554973073  1.145212108
 0.019770700 1991.389869160  1.145336462
 0.019801100 1991.207028898  1.145472424
 0.019831500 1991.057180856  1.145618762
 0.019861800 1990.854365580  1.145753651
 0.019892300 1990.630235206  1.145875027
 0.019922700 1990.360311364  1.145996527
 0.019953100 1990.273597202  1.146133793
 0.019983600 1990.089700779  1.146266512
 0.020014000 1989.923298989  1.146408472
 0.020044500 1989.606033091  1.146510711
 0.020075000 1989.421941524  1.146655654
 0.020105500 1989.213601434  1.146771016
 0.020136000 1989.080470631  1.146918235
 0.020166500 1988.837621589  1.147053236
 0.020197100 1988.595128992  1.147177416
 0.020227600 1988.348655909  1.147301889
 0.020258200 1988.165840939  1.147434655
 0.020288800 1988.024844450  1.147566621
 0.020319400 1987.789411789  1.147694290
 0.020350000 1987.663217131  1.147834679
 0.020380700 1987.412297979  1.147946658
 0.020411300 1987.308022682  1.148091648
 0.020442000 1987.125549386  1.148236248
 0.020472700 1986.908444641  1.148357707
 0.020503400 1986.693676117  1.148496920
 0.020534100 1986.467209337  1.148612964
 0.020564800 1986.370989797  1.148759672
 0.020595600 1986.214723472  1.148906866
 0.020626300 1985.976505501  1.149026706
 0.020657100 1985.748838946  1.149153783
 0.020687900 1985.552696197  1.149281141
 0.020718700 1985.425011617  1.149422781
 0.020749600 1985.296874069  1.149578808
 0.020780400 1985.044096875  1.149696937
 0.020811200 1984.871449154  1.149832907
 0.020842100 1984.614708108  1.149955120
 0.020873000 1984.508914852  1.150092232
 0.020903900 1984.270652677  1.150216184
 0.020934800 1984.149902096  1.150362396
 0.020965700 1984.013094613  1.150517074
 0.020996600 1983.858142614  1.150662872
 0.021027500 1983.538174873  1.150767252
 0.021058500 1983.340230188  1.150896651
 0.021089400 1983.203528812  1.151033162
 0.021120400 1983.021496853  1.151163954
 0.021151400 1982.814016834  1.151299148
 0.021182400 1982.725603721  1.151458424
 0.021213400 1982.397581595  1.151567249
 0.021244400 1982.318838210  1.151709024
 0.021275500 1982.169278468  1.151854760
 0.021306500 1981.894335449  1.151969290
 0.021337600 1981.642550469  1.152090693
 0.021368600 1981.510560560  1.152241031
 0.021399700 1981.358724377  1.152369613
 0.021430800 1981.185112777  1.152502463
 0.021462000 1981.018383055  1.152655786
 0.021493100 1980.829713129  1.152782036
 0.021524300 1980.640174555  1.152921252
 0.021555400 1980.516647704  1.153056678
 0.021586600 1980.298968159  1.153183224
 0.021617800 1980.096799814  1.153314599
 0.021649000 1979.939672826  1.153459912
 0.021680200 1979.861773869  1.153619866
 0.021711500 1979.625957227  1.153731080
 0.021742700 1979.458197382  1.153869959
 0.021774000 1979.214827192  1.153997446
 0.021805300 1979.077921093  1.154147974
 0.021836600 1978.871123392  1.154285388
 0.021867900 1978.675425288  1.154415679
 0.021899300 1978.434774115  1.154545979
 0.021930600 1978.279712294  1.154698735
 0.021962000 1978.177036393  1.154863610
 0.021993400 1977.911349671  1.154976879
 0.022024700 1977.772446074  1.155118333
 0.022056100 1977.558065079  1.155246392
 0.022087600 1977.391789969  1.155392073
 0.022119000 1977.229400247  1.155528070
 0.022150400 1976.993723512  1.155655479
 0.022181800 1976.838484727  1.155789119
 0.022213300 1976.703746676  1.155937995
 0.022244800 1976.579874783  1.156089583
 0.022276200 1976.426184433  1.156232661
 0.022307700 1976.163832866  1.156349394
 0.022339200 1975.920117235  1.156472956
 0.022370700 1975.811945034  1.156618844
 0.022402300 1975.634742455  1.156757915
 0.022433800 1975.478485513  1.156886867
 0.022465400 1975.410021761  1.157049635
 0.022496900 1975.117683556  1.157164073
 0.022528500 1974.998595831  1.157309857
 0.022560100 1974.886718303  1.157455967
 0.022591700 1974.662587567  1.157576567
 0.022623300 1974.429511824  1.157708893
 0.022655000 1974.300378391  1.157856939
 0.022686600 1974.151710878  1.157982826
 0.022718300 1974.005564421  1.158127292
 0.022750000 1973.835215593  1.158277512
 0.022781600 1973.653041646  1.158413263
 0.022813300 1973.544406184  1.158548159
 0.022845100 1973.348481608  1.158680864
 0.022876800 1973.154671677  1.158821849
 0.022908600 1972.997111654  1.158960399
 0.022940300 1972.893829899  1.159108323
 0.022972100 1972.809713165  1.159262053
 0.023003900 1972.523406348  1.159375339
 0.023035700 1972.411052546  1.159530492
 0.023067500 1972.238503466  1.159661055
 0.023099400 1972.075050705  1.159801425
 0.023131200 1971.877872710  1.159932145
 0.023163100 1971.746454829  1.160074631
 0.023195000 1971.573732676  1.160210484
 0.023226900 1971.453183227  1.160363785
 0.023258800 1971.306137626  1.160516405
 0.023290700 1971.172878775  1.160640930
 0.023322700 1970.987990383  1.160780517
 0.023354600 1970.786435606  1.160913414
 0.023386500 1970.640308577  1.161067686
 0.023418500 1970.521402270  1.161194109
 0.023450500 1970.345303979  1.161334348
 0.023482500 1970.284408327  1.161505788
 0.023514400 1970.018213955  1.161624599
 0.023546500 1969.935643634  1.161764186
 0.023578500 1969.721084226  1.161895642
 0.023610500 1969.563950386  1.162039013
 0.023642500 1969.340405039  1.162170929
 0.023674600 1969.266407611  1.162317516
 0.023706700 1969.087829645  1.162451415
 0.023738700 1968.942226745  1.162593988
 0.023770800 1968.786094942  1.162748980
 0.023802900 1968.673930538  1.162882739
 0.023835100 1968.506305872  1.163021217
 0.023867200 1968.308038151  1.163150093
 0.023899300 1968.174256115  1.163294760
 0.023931500 1968.004577325  1.163430360
 0.023963700 1967.872419283  1.163580605
 0.023995800 1967.791051183  1.163743270
 0.024028000 1967.588017267  1.163855780
 0.024060200 1967.465908537  1.164011527
 0.024092500 1967.275093710  1.164147636
 0.024124700 1967.126766652  1.164289141
 0.024157000 1966.997607167  1.164419518
 0.024189200 1966.825744841  1.164565063
 0.024221500 1966.692928352  1.164710037
 0.024253800 1966.535417060  1.164857432
 0.024286100 1966.494908120  1.165006764
 0.024318500 1966.324990644  1.165137691
 0.024350800 1966.159732498  1.165282285
 0.024383200 1965.956951418  1.165417135
 0.024415500 1965.824532057  1.165565223
 0.024447900 1965.639425401  1.165699268
 0.024480300 1965.531272902  1.165842736
 0.024512800 1965.448489762  1.166007740
 0.024545200 1965.256984323  1.166136580
 0.024577600 1965.115844401  1.166283210
 0.024610100 1964.985770896  1.166415332
 0.024642500 1964.835310457  1.166562671
 0.024675000 1964.661648273  1.166701912
 0.024707400 1964.524197828  1.166855836
 0.024739900 1964.344411638  1.166985773
 0.024772400 1964.223946226  1.167127840
 0.024804900 1964.085286699  1.167282362
 0.024837500 1963.906612820  1.167417934
 0.024870000 1963.807831103  1.167560027
 0.024902500 1963.618788368  1.167693892
 0.024935100 1963.480123547  1.167840214
 0.024967600 1963.346485820  1.167981717
 0.025000200 1963.211695541  1.168130239
 0.025032800 1963.143129431  1.168287206
 0.025065400 1962.942751056  1.168406783
 0.025098000 1962.828363935  1.168562218
 0.025130600 1962.639343063  1.168698322
 0.025163300 1962.501051232  1.168837416
 0.025195900 1962.358392157  1.168970393
 0.025228600 1962.192556011  1.169119588
 0.025261300 1962.039379913  1.169261736
 0.025293900 1961.866131692  1.169411520
 0.025326600 1961.802389669  1.169568565
 0.025359400 1961.637713088  1.169697011
 0.025392100 1961.472647600  1.169843258
 0.025424800 1961.339021573  1.169981126
 0.025457600 1961.287082698  1.170134146
 0.025490400 1961.103140718  1.170268066
 0.025523100 1960.976671823  1.170413719
 0.025555900 1960.938938655  1.170579175
 0.025588700 1960.725158606  1.170707201
 0.025621600 1960.626229761  1.170855999
 0.025654400 1960.420528415  1.170990310
 0.025687300 1960.298753567  1.171134695
 0.025720100 1960.170329572  1.171276089
 0.025753000 1960.048303793  1.171431082
 0.025785900 1959.879555884  1.171562806
 0.025818900 1959.808142116  1.171712219
 0.025851800 1959.688128624  1.171869690
 0.025884700 1959.528064466  1.172010094
 0.025917700 1959.374050221  1.172157210
 0.025950600 1959.245123741  1.172292841
 0.025983600 1959.125509412  1.172438581
 0.026016600 1958.930327495  1.172578520
 0.026049600 1958.860991696  1.172737319
 0.026082600 1958.828316032  1.172889765
 0.026115600 1958.610795110  1.173015141
 0.026148600 1958.467759930  1.173167863
 0.026181600 1958.314602405  1.173311569
 0.026214600 1958.186117233  1.173455761
 0.026247700 1958.072531455  1.173587829
 0.026280700 1957.921425214  1.173734704
 0.026313800 1957.788811753  1.173878034
 0.026346900 1957.644648032  1.174028610
 0.026380000 1957.564297845  1.174185821
 0.026413100 1957.369723481  1.174317529
 0.026446200 1957.277824166  1.174465198
 0.026479300 1957.104486756  1.174599092
 0.026512500 1956.997094857  1.174749992
 0.026545600 1956.834149339  1.174890353
 0.026578800 1956.722407530  1.175037228
 0.026612000 1956.661733055  1.175198052
 0.026645100 1956.481812475  1.175326886
 0.026678300 1956.366358440  1.175478347
 0.026711600 1956.215726061  1.175614190
 0.026744800 1956.061935829  1.175763210
 0.026778000 1955.927936722  1.175908110
 0.026811300 1955.795243304  1.176061851
 0.026844500 1955.712010998  1.176198155
 0.026877800 1955.569689787  1.176344372
 0.026911100 1955.495830847  1.176507298
 0.026944400 1955.299990505  1.176645217
 0.026977700 1955.190977432  1.176786999
 0.027011100 1955.071545215  1.176924490
 0.027044400 1954.962491790  1.177075481
 0.027077800 1954.814153912  1.177219312
 0.027111200 1954.716906562  1.177378991
 0.027144600 1954.635419943  1.177536287
 0.027178000 1954.443473172  1.177666125
 0.027211400 1954.362443418  1.177820632
 0.027244800 1954.213419660  1.177960980
 0.027278300 1954.082916292  1.178109193
 0.027311700 1953.924365497  1.178247575
 0.027345200 1953.776396434  1.178397618
 0.027378700 1953.663223311  1.178543819
 0.027412200 1953.546699205  1.178697324
 0.027445700 1953.481429324  1.178854008
 0.027479200 1953.355552587  1.178987107
 0.027512700 1953.231863930  1.179139277
 0.027546200 1953.023664670  1.179276025
 0.027579700 1952.938160667  1.179427831
 0.027613300 1952.829845422  1.179566791
 0.027646800 1952.712022950  1.179717620
 0.027680400 1952.605480397  1.179878064
 0.027714000 1952.431326819  1.180009798
 0.027747500 1952.365718418  1.180161443
 0.027781100 1952.209644845  1.180297673
 0.027814700 1952.041657062  1.180445419
 0.027848300 1951.913630284  1.180590122
 0.027882000 1951.831175956  1.180742452
 0.027915600 1951.695242690  1.180880139
 0.027949300 1951.552398706  1.181028157
 0.027982900 1951.470952615  1.181189442
 0.028016600 1951.350872746  1.181328895
 0.028050300 1951.234664871  1.181474672
 0.028084000 1951.051320318  1.181613798
 0.028117700 1950.968231279  1.181763921
 0.028151400 1950.822869073  1.181905880
 0.028185100 1950.758036127  1.182068115
 0.028218900 1950.672501353  1.182227336
 0.028252600 1950.525454972  1.182355840
 0.028286400 1950.407219501  1.182507820
 0.028320200 1950.247800265  1.182649997
 0.028354000 1950.121712807  1.182803418
 0.028387800 1950.043108840  1.182941106
 0.028421600 1949.905226622  1.183090985
 0.028455500 1949.796232887  1.183242379
 0.028489300 1949.648896505  1.183396667
 0.028523200 1949.635178350  1.183550109
 0.028557100 1949.465434462  1.183686467
 0.028590900 1949.365047814  1.183844822
 0.028624800 1949.172178095  1.183982807
 0.028658800 1949.130435528  1.184127928
 0.028692700 1948.963557421  1.184272429
 0.028726600 1948.873051617  1.184425857
 0.028760600 1948.765605638  1.184591639
 0.028794600 1948.662526217  1.184726808
 0.028828600 1948.528328723  1.184876944
 0.028862500 1948.399989100  1.185017439
 0.028896500 1948.284864480  1.185167145
 0.028930600 1948.165923476  1.185311754
 0.028964600 1948.058987875  1.185468260
 0.028998600 1947.938536664  1.185608875
 0.029032600 1947.839433645  1.185757384
 0.029066700 1947.772606397  1.185923841
 0.029100700 1947.606813193  1.186066205
 0.029134800 1947.482618740  1.186208682
 0.029168800 1947.372138177  1.186345559
 0.029202900 1947.258633449  1.186498415
 0.029237000 1947.089886146  1.186641058
 0.029271100 1947.009355113  1.186796425
 0.029305200 1946.976634566  1.186957934
 0.029339400 1946.803704902  1.187088977
 0.029373500 1946.653406239  1.187241939
 0.029407600 1946.534726282  1.187388122
 0.029441800 1946.472553708  1.187535785
 0.029475900 1946.332509239  1.187677370
 0.029510100 1946.180812555  1.187827678
 0.029544300 1946.080157716  1.187978683
 0.029578500 1945.993383793  1.188131410
 0.029612700 1945.936792818  1.188289542
 0.029646900 1945.749203960  1.188424622
 0.029681200 1945.681560120  1.188578391
 0.029715400 1945.513982520  1.188715717
 0.029749700 1945.440599176  1.188874549
 0.029783900 1945.282489555  1.189014797
 0.029818200 1945.229853350  1.189165301
 0.029852500 1945.149378869  1.189330340
 0.029886800 1945.000161573  1.189470345
 0.029921100 1944.889527115  1.189624988
 0.029955500 1944.787313339  1.189763154
 0.029989800 1944.664803199  1.189912971
 0.030024200 1944.533056172  1.190057795
 0.030058600 1944.443590749  1.190218925
 0.030092900 1944.359627390  1.190356975
 0.030127300 1944.228534909  1.190508281
 0.030161700 1944.186129558  1.190677242
 0.030196200 1943.991873673  1.190818884
 0.030230600 1943.937441059  1.190960902
 0.030265100 1943.783754608  1.191102769
 0.030299500 1943.676092103  1.191257140
 0.030334000 1943.507411070  1.191401546
 0.030368500 1943.490380454  1.191558760
 0.030403000 1943.433798043  1.191722522
 0.030437500 1943.258830641  1.191857145
 0.030472000 1943.154379384  1.192014024
 0.030506500 1943.062069370  1.192161389
 0.030541100 1942.930355140  1.192309569
 0.030575600 1942.813315545  1.192451728
 0.030610100 1942.720731115  1.192603969
 0.030644700 1942.621969975  1.192755140
 0.030679300 1942.502933281  1.192908312
 0.030713800 1942.430786112  1.193067233
 0.030748400 1942.315526769  1.193205500
 0.030783000 1942.222702456  1.193360103
 0.030817600 1942.051690269  1.193500878
 0.030852200 1941.980785455  1.193653969
 0.030886800 1941.854884348  1.193795455
 0.030921500 1941.771416797  1.193950523
 0.030956100 1941.675403593  1.194112327
 0.030990800 1941.538762468  1.194253658
 0.031025400 1941.479191157  1.194406820
 0.031060100 1941.348536404  1.194549364
 0.031094800 1941.204904338  1.194698045
 0.031129500 1941.086449003  1.194844240
 0.031164200 1941.036470119  1.195002442
 0.031198900 1940.919911822  1.195143176
 0.031233600 1940.782694611  1.195296435
 0.031268400 1940.730525767  1.195460359
 0.031303100 1940.624797472  1.195602826
 0.031337900 1940.518584971  1.195750063
 0.031372700 1940.341261976  1.195892498
 0.031407500 1940.298057276  1.196050668
 0.031442200 1940.129885785  1.196193610
 0.031477100 1940.046063276  1.196356297
 0.031511900 1939.933011418  1.196520192
 0.031546700 1939.818062039  1.196656456
 0.031581600 1939.638515071  1.196805041
 0.031616400 1939.569286885  1.196958531
 0.031651300 1939.444363382  1.197110274
 0.031686200 1939.370952296  1.197251001
 0.031721100 1939.222538700  1.197401556
 0.031756000 1939.170841711  1.197559736
 0.031790900 1939.016918621  1.197710952
 0.031825800 1939.004156162  1.197865911
 0.031860800 1938.829322090  1.198002558
 0.031895700 1938.773054352  1.198164852
 0.031930700 1938.570478033  1.198304996
 0.031965700 1938.547450294  1.198460266
 0.032000700 1938.390614266  1.198604299
 0.032035700 1938.372668460  1.198760734
 0.032070700 1938.203375386  1.198919727
 0.032105700 1938.130997537  1.199062380
 0.032140700 1938.033494888  1.199216847
 0.032175800 1937.953592959  1.199359137
 0.032210800 1937.792514199  1.199508925
 0.032245900 1937.721199656  1.199660596
 0.032281000 1937.597828647  1.199817704
 0.032316000 1937.545173846  1.199963400
 0.032351100 1937.415551744  1.200113013
 0.032386200 1937.377716124  1.200285283
 0.032421300 1937.203163814  1.200426469
 0.032456400 1937.153953722  1.200568089
 0.032491500 1936.993419558  1.200711812
 0.032526700 1936.957447798  1.200871237
 0.032561800 1936.729717830  1.201012320
 0.032596900 1936.754572528  1.201174914
 0.032632100 1936.673427111  1.201339822
 0.032667300 1936.560779538  1.201474179
 0.032702400 1936.405466339  1.201623762
 0.032737600 1936.332790742  1.201775505
 0.032772800 1936.228740650  1.201928173
 0.032808000 1936.153119431  1.202072821
 0.032843200 1936.006084741  1.202223308
 0.032878500 1935.948532118  1.202379922
 0.032913700 1935.817054905  1.202535589
 0.032948900 1935.750099677  1.202676296
 0.032984200 1935.635467309  1.202828947
 0.033019500 1935.573969095  1.202984117
 0.033054800 1935.413704924  1.203139072
 0.033090000 1935.360905300  1.203277208
 0.033125400 1935.252280310  1.203437872
 0.033160700 1935.169548549  1.203582171
 0.033196000 1935.001186244  1.203733844
 0.033231300 1934.969010970  1.203884338
 0.033266700 1934.853796883  1.204043190
 0.033302000 1934.792435181  1.204184811
 0.033337400 1934.647350250  1.204337663
 0.033372800 1934.591321675  1.204496043
 0.033408200 1934.477978702  1.204651271
 0.033443600 1934.401828895  1.204791605
 0.033479000 1934.338123388  1.204950406
 0.033514400 1934.158270404  1.205093474
 0.033549900 1934.165672570  1.205260619
 0.033585300 1933.983368245  1.205397500
 0.033620800 1933.903863872  1.205540624
 0.033656300 1933.826858804  1.205703534
 0.033691800 1933.679218505  1.205847212
 0.033727300 1933.637375918  1.206004388
 0.033762800 1933.494228578  1.206146211
 0.033798300 1933.485966646  1.206315619
 0.033833900 1933.294354898  1.206458987
 0.033869400 1933.265861891  1.206614057
 0.033905000 1933.124829152  1.206757658
 0.033940500 1933.108753847  1.206925171
 0.033976100 1932.968359402  1.207075493
 0.034011700 1932.913961385  1.207224750
 0.034047200 1932.768949580  1.207368501
 0.034082800 1932.749691721  1.207534434
 0.034118400 1932.581019908  1.207676272
 0.034154000 1932.593855087  1.207841425
 0.034189700 1932.407608550  1.207977737
 0.034225300 1932.322766602  1.208129768
 0.034260900 1932.194731797  1.208282814
 0.034296600 1932.154214404  1.208429961
 0.034332200 1932.022947071  1.208585927
 0.034367900 1931.940231223  1.208732462
 0.034403500 1931.829062810  1.208890456
 0.034439200 1931.772013285  1.209038130
 0.034474900 1931.651377594  1.209191505
 0.034510600 1931.608582219  1.209343817
 0.034546300 1931.500854954  1.209496472
 0.034582000 1931.471927376  1.209654288
 0.034617800 1931.327819422  1.209803229
 0.034653500 1931.262120385  1.209948687
 0.034689200 1931.131921926  1.210109646
 0.034725000 1931.069297267  1.210257576
 0.034760800 1930.988894218  1.210425884
 0.034796500 1930.871513108  1.210553346
 0.034832300 1930.783185701  1.210698575
 0.034868100 1930.708687900  1.210863174
 0.034903900 1930.566135374  1.211004574
 0.034939800 1930.507767395  1.211160775
 0.034975600 1930.434299482  1.211304058
 0.035011400 1930.324848024  1.211462802
 0.035047300 1930.207507639  1.211610702
 0.035083200 1930.041619668  1.211766822
 0.035119000 1930.008235853  1.211919079
 0.035154900 1929.853275895  1.212070164
 0.035190800 1929.811776836  1.212223938
 0.035226700 1929.694465708  1.212377183
 0.035262600 1929.635397288  1.212530577
 0.035298600 1929.487741972  1.212686769
 0.035334500 1929.436013251  1.212827861
 0.035370500 1929.359022496  1.212992764
 0.035406400 1929.270681068  1.213139832
 0.035442400 1929.096537268  1.213286223
 0.035478400 1929.071394454  1.213435492
 0.035514400 1928.932910841  1.213584434
 0.035550400 1928.925240162  1.213752156
 0.035586500 1928.735126947  1.213893596
 0.035622500 1928.717147465  1.214047984
 0.035658500 1928.569187511  1.214192014
 0.035694600 1928.564366859  1.214362779
 0.035730700 1928.405075813  1.214508727
 0.035766700 1928.365655449  1.214660631
 0.035802800 1928.255973916  1.214814025
 0.035838900 1928.219303787  1.214975107
 0.035875000 1928.063585369  1.215120167
 0.035911100 1928.048568800  1.215277239
 0.035947200 1927.890144256  1.215421624
 0.035983300 1927.899683339  1.215593755
 0.036019400 1927.708039654  1.215729206
 0.036055500 1927.657051520  1.215873067
 0.036091700 1927.535442772  1.216032393
 0.036127800 1927.460058188  1.216180501
 0.036164000 1927.362771322  1.216341576
 0.036200200 1927.309706613  1.216485464
 0.036236300 1927.163393777  1.216640026
 0.036272500 1927.111674093  1.216790970
 0.036308700 1926.999180739  1.216943515
 0.036344900 1926.962846655  1.217097894
 0.036381100 1926.794914142  1.217249342
 0.036417300 1926.775322431  1.217404270
 0.036453600 1926.656092267  1.217554042
 0.036489800 1926.608912740  1.217708675
 0.036526100 1926.457973706  1.217863261
 0.036562300 1926.390913324  1.218004958
 0.036598600 1926.330356467  1.218169211
 0.036634900 1926.236931415  1.218314677
 0.036671200 1926.048009292  1.218461627
 0.036707500 1926.024556249  1.218610766
 0.036743800 1925.879369140  1.218758206
 0.036780100 1925.885669881  1.218927142
 0.036816400 1925.697584824  1.219066796
 0.036852700 1925.672594814  1.219221589
 0.036889100 1925.532081219  1.219365184
 0.036925500 1925.523247916  1.219534245
 0.036961800 1925.370199309  1.219681863
 0.036998200 1925.337598234  1.219831564
 0.037034600 1925.210350001  1.219983898
 0.037071000 1925.180062111  1.220146590
 0.037107400 1925.030589062  1.220293223
 0.037143800 1925.019805734  1.220446528
 0.037180300 1924.840475005  1.220589881
 0.037216700 1924.849731467  1.220762034
 0.037253200 1924.685447617  1.220900145
 0.037289600 1924.620469512  1.221044485
 0.037326100 1924.509636827  1.221201502
 0.037362600 1924.424289846  1.221351894
 0.037399100 1924.335194415  1.221508950
 0.037435600 1924.268647878  1.221655249
 0.037472100 1924.150789653  1.221812375
 0.037508600 1924.099069968  1.221963319
 0.037545200 1923.993022803  1.222117442
 0.037581700 1923.963047154  1.222273425
 0.037618300 1923.807434315  1.222428023
 0.037654900 1923.787931867  1.222582974
 0.037691500 1923.683144660  1.222733940
 0.037728000 1923.634484453  1.222890506
 0.037764600 1923.490144819  1.223046663
 0.037801200 1923.451461686  1.223190904
 0.037837800 1923.375225088  1.223355766
 0.037874500 1923.303304236  1.223502326
 0.037911100 1923.127018603  1.223652365
 0.037947700 1923.101857937  1.223801630
 0.037984400 1922.975609674  1.223948312
 0.038021000 1922.966574222  1.224117708
 0.038057700 1922.790318030  1.224260671
 0.038094300 1922.771579341  1.224417039
 0.038131000 1922.625845252  1.224558995
 0.038167700 1922.616213205  1.224728182
 0.038204400 1922.474306592  1.224873491
 0.038241000 1922.441882533  1.225023191
 0.038277800 1922.315224854  1.225175538
 0.038314500 1922.269243811  1.225338788
 0.038351200 1922.123856742  1.225481661
 0.038387900 1922.109695495  1.225638720
 0.038424700 1921.947192840  1.225781383
 0.038461400 1921.956126536  1.225953595
 0.038498200 1921.775209887  1.226086869
 0.038534900 1921.709996769  1.226231244
 0.038571700 1921.598914238  1.226388387
 0.038608500 1921.508238138  1.226537063
 0.038645300 1921.419484835  1.226694113
 0.038682100 1921.353628507  1.226840403
 0.038718900 1921.231306876  1.226995753
 0.038755700 1921.178730359  1.227146662
 0.038792600 1921.066335531  1.227303163
 0.038829400 1921.044038935  1.227456881
 0.038866300 1920.882458906  1.227609932
 0.038903100 1920.874972957  1.227762226
 0.038940000 1920.764909960  1.227917410
 0.038976900 1920.732191332  1.228073435
 0.039013800 1920.582683252  1.228227919
 0.039050700 1920.527401107  1.228372815
 0.039087600 1920.468165158  1.228537033
 0.039124500 1920.397420884  1.228683470
 0.039161400 1920.214549263  1.228831990
 0.039198400 1920.190502735  1.228981214
 0.039235300 1920.070270779  1.229129505
 0.039272300 1920.060720713  1.229299054
 0.039309300 1919.886066449  1.229441718
 0.039346300 1919.893118670  1.229595232
 0.039383300 1919.749593178  1.229742776
 0.039420300 1919.719553216  1.229910823
 0.039457300 1919.589735615  1.230059074
 0.039494300 1919.570695621  1.230210461
 0.039531300 1919.448969165  1.230366165
 0.039568400 1919.412294596  1.230527295
 0.039605400 1919.274066216  1.230671695
 0.039642500 1919.260081984  1.230828752
 0.039679600 1919.121550854  1.230977875
 0.039716700 1919.077216913  1.231135598
 0.039753800 1918.987583065  1.231292801
 0.039790900 1918.953350287  1.231439542
 0.039828000 1918.885412058  1.231600025
 0.039865100 1918.835994815  1.231737611
 0.039902200 1918.702119075  1.231882301
 0.039939300 1918.698111913  1.232039844
 0.039976500 1918.524878730  1.232180365
 0.040013600 1918.491936402  1.232341571
 0.040050800 1918.332708876  1.232489767
 0.040087900 1918.323493680  1.232662900
 0.040125100 1918.114790918  1.232801308
 0.040162300 1918.079117130  1.232958533
 0.040199400 1917.964548642  1.233114210
 0.040236600 1917.939885209  1.233267538
 0.040273800 1917.798736920  1.233424986
 0.040311000 1917.782753701  1.233576172
 0.040348200 1917.671910290  1.233722899
 0.040385500 1917.664413001  1.233879605
 0.040422700 1917.541659957  1.234031686
 0.040459900 1917.514178461  1.234180330
 0.040497200 1917.415127193  1.234337780
 0.040534400 1917.312364921  1.234483224
 0.040571700 1917.294143617  1.234642205
 0.040609000 1917.211474994  1.234784725
 0.040646300 1917.050504208  1.234929981
 0.040683600 1917.051419590  1.235094614
 0.040720900 1916.869039504  1.235231718
 0.040758200 1916.826222154  1.235378347
 0.040795500 1916.805430148  1.235546393
 0.040832800 1916.742128784  1.235694579
 0.040870100 1916.535482986  1.235835576
 0.040907500 1916.505405744  1.235993812
 0.040944800 1916.385731657  1.236142204
 0.040982200 1916.423565651  1.236302932
 0.041019600 1916.250826093  1.236452561
 0.041057000 1916.241100505  1.236606100
 0.041094400 1916.079056765  1.236747187
 0.041131800 1916.062116807  1.236913838
 0.041169200 1915.942884074  1.237064483
 0.041206600 1915.948036999  1.237231414
 0.041244000 1915.811937127  1.237385117
 0.041281500 1915.694976944  1.237528510
 0.041318900 1915.674736925  1.237693598
 0.041356400 1915.614940112  1.237848059
 0.041393800 1915.540601208  1.237999260
 0.041431300 1915.485256445  1.238143849
 0.041468800 1915.408664152  1.238298717
 0.041506300 1915.347676745  1.238442330
 0.041543800 1915.299303822  1.238605717
 0.041581300 1915.189846709  1.238755483
 0.041618800 1915.033046498  1.238902970
 0.041656400 1914.993168000  1.239080565
 0.041693900 1914.862923315  1.239222054
 0.041731500 1914.784592362  1.239371072
 0.041769000 1914.712263352  1.239538823
 0.041806600 1914.646422353  1.239679682
 0.041844200 1914.486255811  1.239823843
 0.041881800 1914.564444489  1.239986825
 0.041919400 1914.475472207  1.240123972
 0.041957000 1914.417683086  1.240271011
 0.041994600 1914.378730059  1.240445894
 0.042032300 1914.321140341  1.240580275
 0.042069900 1914.189058265  1.240721127
 0.042107500 1914.159729204  1.240888879
 0.042145200 1914.102228607  1.241042207
 0.042182800 1913.986361239  1.241184485
 0.042220500 1913.916189280  1.241339712
 0.042258100 1913.797799628  1.241492815
 0.042295800 1913.721821671  1.241644451
 0.042333500 1913.654744582  1.241798226
 0.042371200 1913.552741788  1.241942271
 0.042408900 1913.502665253  1.242108017
 0.042446600 1913.380179594  1.242252891
 0.042484300 1913.342105769  1.242399090
 0.042522000 1913.229977940  1.242557167
 0.042559800 1913.112090459  1.242708949
 0.042597500 1912.968656885  1.242868647
 0.042635200 1912.911891718  1.243010430
 0.042673000 1912.832232100  1.243168408
 0.042710700 1912.800062391  1.243327686
 0.042748500 1912.697994678  1.243472879
 0.042786300 1912.662406321  1.243628282
 0.042824100 1912.597787769  1.243774903
 0.042861900 1912.531412116  1.243920811
 0.042899700 1912.451078473  1.244081617
 0.042937500 1912.378199239  1.244236897
 0.042975300 1912.244351451  1.244377713
 0.043013100 1912.184702779  1.244530855
 0.043051000 1912.156633723  1.244689143
 0.043088800 1912.055728656  1.244836247
 0.043126600 1911.993796411  1.244995328
 0.043164500 1911.863399236  1.245138378
 0.043202400 1911.801081379  1.245303130
 0.043240300 1911.723975035  1.245462567
 0.043278100 1911.647334847  1.245600781
 0.043316000 1911.578922670  1.245759293
 0.043353900 1911.474608888  1.245927126
 0.043391900 1911.338655873  1.246073542
 0.043429800 1911.242821628  1.246220304
 0.043467700 1911.201653894  1.246392459
 0.043505600 1911.089319862  1.246542135
 0.043543600 1911.023865282  1.246691880
 0.043581600 1910.976302738  1.246841752
 0.043619500 1910.910839997  1.246993144
 0.043657500 1910.839659393  1.247144948
 0.043695500 1910.843509135  1.247292414
 0.043733500 1910.760377449  1.247440390
 0.043771500 1910.681703329  1.247593586
 0.043809500 1910.633708286  1.247750669
 0.043847500 1910.514554201  1.247894494
 0.043885500 1910.452638204  1.248066146
 0.043923600 1910.356137417  1.248219038
 0.043961600 1910.226365462  1.248366282
 0.043999700 1910.202501584  1.248521231
 0.044037800 1910.079398929  1.248670016
 0.044075800 1910.012817429  1.248821109
 0.044113900 1909.967231351  1.248982815
 0.044152000 1909.887539169  1.249118708
 0.044190100 1909.777956321  1.249273196
 0.044228300 1909.784156707  1.249443852
 0.044266400 1909.640526224  1.249576715
 0.044304500 1909.571509137  1.249726720
 0.044342600 1909.525468560  1.249899513
 0.044380800 1909.402565419  1.250039084
 0.044418900 1909.304709671  1.250173127
 0.044457100 1909.265415013  1.250342678
 0.044495300 1909.141440651  1.250485019
 0.044533400 1909.067171737  1.250636385
 0.044571600 1909.008140421  1.250786392
 0.044609800 1908.929609795  1.250947487
 0.044648000 1908.812712793  1.251095603
 0.044686200 1908.743767403  1.251262270
 0.044724400 1908.615639620  1.251404083
 0.044762600 1908.557149424  1.251559766
 0.044800800 1908.466157680  1.251711026
 0.044839000 1908.439634339  1.251856869
 0.044877300 1908.369801265  1.252005103
 0.044915500 1908.312394891  1.252156321
 0.044953800 1908.250339326  1.252309304
 0.044992000 1908.134076023  1.252454242
 0.045030300 1908.031993091  1.252608309
 0.045068600 1907.976285884  1.252770026
 0.045106900 1907.853147708  1.252906380
 0.045145100 1907.869414810  1.253081573
 0.045183400 1907.744122243  1.253229772
 0.045221700 1907.655557861  1.253374015
 0.045260100 1907.625879103  1.253525468
 0.045298400 1907.532767798  1.253677083
 0.045336700 1907.443496029  1.253829191
 0.045375000 1907.406110469  1.253990422
 0.045413400 1907.249371281  1.254125165
 0.045451700 1907.149748710  1.254279211
 0.045490100 1907.135598571  1.254450587
 0.045528500 1907.019042260  1.254582782
 0.045566800 1906.929542128  1.254733228
 0.045605200 1906.913423430  1.254906600
 0.045643600 1906.809683756  1.255045425
 0.045682000 1906.738585387  1.255182113
 0.045720400 1906.701682789  1.255351915
 0.045758800 1906.607937313  1.255502487
 0.045797300 1906.515748977  1.255649206
 0.045835700 1906.446044518  1.255811740
 0.045874200 1906.364362740  1.255965198
 0.045912600 1906.263673525  1.256115854
 0.045951100 1906.240458040  1.256273645
 0.045989500 1906.130888878  1.256415958
 0.046028000 1906.027628109  1.256567430
 0.046066500 1905.992801726  1.256736429
 0.046105000 1905.917070195  1.256867753
 0.046143500 1905.804539017  1.257022131
 0.046182000 1905.802632500  1.257193046
 0.046220500 1905.659887766  1.257333763
 0.046259100 1905.611063197  1.257469518
 0.046297600 1905.593245598  1.257645783
 0.046336100 1905.480321329  1.257789722
 0.046374700 1905.369676077  1.257937132
 0.046413300 1905.312700189  1.258099237
 0.046451800 1905.181393747  1.258251068
 0.046490400 1905.082421128  1.258401698
 0.046529000 1905.063245637  1.258559211
 0.046567600 1904.925653908  1.258703587
 0.046606200 1904.843393907  1.258854757
 0.046644900 1904.798056547  1.259020314
 0.046683500 1904.727545059  1.259152306
 0.046722100 1904.599858990  1.259297148
 0.046760800 1904.624366235  1.259473914
 0.046799400 1904.464854832  1.259606605
 0.046838100 1904.429323396  1.259746837
 0.046876700 1904.343122239  1.259909325
 0.046915400 1904.272976902  1.260061018
 0.046954100 1904.164817821  1.260203125
 0.046992800 1904.115761816  1.260356237
 0.047031500 1904.011303325  1.260507146
 0.047070100 1903.929231902  1.260660792
 0.047108800 1903.829481592  1.260812038
 0.047147600 1903.744167904  1.260960450
 0.047186300 1903.757206197  1.261136963
 0.047225000 1903.626902300  1.261269460
 0.047263700 1903.512046512  1.261402255
 0.047302500 1903.476337533  1.261570194
 0.047341200 1903.372399606  1.261720951
 0.047380000 1903.280670614  1.261863814
 0.047418700 1903.206417502  1.262013971
 0.047457500 1903.157648691  1.262173710
 0.047496300 1903.029855845  1.262316049
 0.047535000 1902.966754574  1.262475496
 0.047573800 1902.909601856  1.262625181
 0.047612600 1902.824814954  1.262774025
 0.047651400 1902.784364432  1.262946663
 0.047690200 1902.643607196  1.263074908
 0.047729000 1902.595145868  1.263233711
 0.047767900 1902.514262246  1.263392187
 0.047806700 1902.367220232  1.263536510
 0.047845500 1902.311985759  1.263691171
 0.047884400 1902.179846628  1.263840499
 0.047923200 1902.068004397  1.263992151
 0.047962100 1901.921431663  1.264144411
 0.048001000 1901.897571208  1.264306737
 0.048039800 1901.784553322  1.264463702
 0.048078700 1901.690668655  1.264612442
 0.048117600 1901.626801484  1.264769064
 0.048156500 1901.579338839  1.264929055
 0.048195400 1901.444695779  1.265071066
 0.048234300 1901.353365515  1.265217287
 0.048273300 1901.289888083  1.265361107
 0.048312200 1901.193249165  1.265511245
 0.048351100 1901.139052572  1.265671424
 0.048390100 1901.088885247  1.265821036
 0.048429000 1900.976526914  1.265976043
 0.048468000 1900.911396722  1.266129222
 0.048507000 1900.811345080  1.266285046
 0.048545900 1900.780749330  1.266431839
 0.048584900 1900.727422101  1.266593415
 0.048623900 1900.638921604  1.266727874
 0.048662900 1900.495224306  1.266870617
 0.048701900 1900.446103674  1.267028709
 0.048741000 1900.384751909  1.267182123
 0.048780000 1900.334331131  1.267336908
 0.048819000 1900.221958373  1.267486476
 0.048858100 1900.187139297  1.267645579
 0.048897100 1900.082062395  1.267787735
 0.048936200 1900.050891145  1.267941312
 0.048975300 1899.904548873  1.268090140
 0.049014400 1899.847400531  1.268230025
 0.049053500 1899.760045656  1.268384198
 0.049092600 1899.711503676  1.268542300
 0.049131700 1899.617327800  1.268694989
 0.049170800 1899.573180523  1.268847861
 0.049209900 1899.467731352  1.268998796
 0.049249000 1899.444965672  1.269161026
 0.049288200 1899.339996091  1.269294039
 0.049327300 1899.248156217  1.269444782
 0.049366500 1899.124883175  1.269588621
 0.049405700 1899.063208962  1.269736368
 0.049444800 1899.018581692  1.269899883
 0.049484000 1898.921229732  1.270048909
 0.049523200 1898.818612194  1.270201717
 0.049562400 1898.792471080  1.270353825
 0.049601500 1898.726685685  1.270508722
 0.049640700 1898.596651241  1.270651286
 0.049679900 1898.586080316  1.270810324
 0.049719200 1898.449518989  1.270944107
 0.049758400 1898.342854043  1.271090836
 0.049797600 1898.277561736  1.271240866
 0.049836800 1898.211661134  1.271394325
 0.049876100 1898.139276631  1.271551484
 0.049915300 1898.075681555  1.271701434
 0.049954600 1898.027284425  1.271857537
 0.049993800 1897.893979675  1.271998547
 0.050033100 1897.848933233  1.272156322
 0.050072400 1897.769219071  1.272299341
 0.050111600 1897.641910183  1.272439578
 0.050150900 1897.585151053  1.272594365
 0.050190200 1897.552654116  1.272750499
 0.050229500 1897.455307699  1.272905057
 0.050268800 1897.388733840  1.273056589
 0.050308100 1897.287768768  1.273209014
 0.050347400 1897.287898775  1.273367324
 0.050386800 1897.157931189  1.273506510
 0.050426100 1897.038795338  1.273654367
 0.050465400 1896.975370452  1.273792815
 0.050504800 1896.893507918  1.273944625
 0.050544100 1896.833686576  1.274110335
 0.050583500 1896.774848326  1.274256464
 0.050622900 1896.702973073  1.274408324
 0.050662200 1896.620503033  1.274562058
 0.050701600 1896.556570403  1.274718663
 0.050741000 1896.500428654  1.274860757
 0.050780400 1896.430672148  1.275023325
 0.050819800 1896.314976771  1.275157983
 0.050859200 1896.244493252  1.275302161
 0.050898600 1896.178568349  1.275460950
 0.050938100 1896.090409998  1.275611464
 0.050977500 1896.043075028  1.275764502
 0.051016900 1895.955092182  1.275914966
 0.051056400 1895.892660495  1.276071633
 0.051095900 1895.777216268  1.276215382
 0.051135300 1895.769497176  1.276368536
 0.051174800 1895.665155180  1.276514042
 0.051214300 1895.526759276  1.276656456
 0.051253800 1895.490358111  1.276807324
 0.051293300 1895.428298397  1.276964188
 0.051332800 1895.343304138  1.277118168
 0.051372300 1895.282066860  1.277271466
 0.051411800 1895.223742725  1.277422779
 0.051451300 1895.166874381  1.277582632
 0.051490900 1895.051206120  1.277721227
 0.051530400 1895.009003398  1.277868457
 0.051570000 1894.899329373  1.278015593
 0.051609500 1894.791014171  1.278161055
 0.051649100 1894.776453900  1.278323733
 0.051688700 1894.672380593  1.278471252
 0.051728300 1894.583079160  1.278623546
 0.051767900 1894.531715715  1.278772838
 0.051807500 1894.450791115  1.278926354
 0.051847100 1894.358834051  1.279071388
 0.051886700 1894.363698093  1.279231255
 0.051926300 1894.201872260  1.279364297
 0.051966000 1894.092846496  1.279507580
 0.052005600 1894.070651154  1.279661520
 0.052045300 1893.982786716  1.279813907
 0.052084900 1893.905133301  1.279967668
 0.052124600 1893.809539390  1.280113039
 0.052164300 1893.774425071  1.280270607
 0.052203900 1893.664395485  1.280414446
 0.052243600 1893.592232901  1.280565793
