 0.000000005 533292.699343813 143.577704945
 0.000000022 90542.386335126 22.708074522
 0.000000079 41739.051507788  9.579057710
 0.000000274 27340.012873784  6.232894734
 0.000000933 19033.038659360  4.622315518
 0.000003095 13490.469825231  3.528054499
 0.000006208 11066.198440196  3.021470159
 0.000009377 9545.320743753  2.675158959
 0.000012600 8595.592633536  2.458603029
 0.000015878 7892.095678862  2.296478585
 0.000019210 7350.372995798  2.170133183
 0.000022596 6967.520724426  2.083062043
 0.000026035 6682.512850136  2.019058822
 0.000029530 6452.758822711  1.967877554
 0.000033078 6251.627570908  1.922873118
 0.000036682 6100.334255930  1.890220120
 0.000040341 5972.619733643  1.862983630
 0.000044056 5865.325317991  1.840488575
 0.000047827 5766.296487362  1.819546065
 0.000051654 5669.072642393  1.798541041
 0.000055537 5589.580377999  1.781896000
 0.000059478 5513.604774551  1.765808269
 0.000063479 5442.386264531  1.750699636
 0.000067539 5376.346814517  1.736697958
 0.000071662 5313.879932599  1.723425945
 0.000075848 5256.753606024  1.711379782
 0.000080100 5200.308532450  1.699334483
 0.000084420 5150.858537602  1.689032707
 0.000088811 5099.227920561  1.677923641
 0.000093275 5050.318990163  1.667492299
 0.000097816 5001.910898855  1.657104663
 0.000102436 4961.440509930  1.648637557
 0.000107140 4915.366948462  1.638660802
 0.000111929 4873.429642317  1.629699248
 0.000116808 4833.089441881  1.621102469
 0.000121782 4797.325206181  1.613639714
 0.000126854 4757.398730655  1.605034387
 0.000132031 4721.776216220  1.597532568
 0.000137318 4692.190008895  1.591644994
 0.000142688 4652.229194949  1.582816598
 0.000148100 4618.588716694  1.575654151
 0.000153556 4591.932553282  1.570375851
 0.000159056 4553.462911176  1.561749976
 0.000164603 4520.576442883  1.554606396
 0.000170198 4488.545821413  1.547652747
 0.000175842 4463.704856562  1.542654070
 0.000181540 4425.555596269  1.533903082
 0.000187291 4394.181123917  1.526993579
 0.000193099 4370.289526209  1.522135010
 0.000198967 4332.447180077  1.513349108
 0.000204896 4302.041131993  1.506602835
 0.000210890 4279.272880403  1.501953539
 0.000216951 4242.391326380  1.493332248
 0.000223081 4212.979210708  1.486774099
 0.000229283 4183.835208281  1.480266262
 0.000235562 4155.504707439  1.473954111
 0.000241920 4127.019761044  1.467530965
 0.000248362 4098.819229833  1.461054303
 0.000254892 4071.671086112  1.454699353
 0.000261513 4044.034382960  1.448339347
 0.000268225 4017.512957535  1.442396552
 0.000274990 3990.607243335  1.436460456
 0.000281799 3963.158117307  1.430399404
 0.000288651 3938.950839755  1.425182838
 0.000295549 3913.284763808  1.419468092
 0.000302492 3887.623101996  1.413704381
 0.000309483 3863.784098870  1.408416599
 0.000316523 3838.931788336  1.402819611
 0.000323615 3815.522303729  1.397591710
 0.000330761 3792.051534875  1.392307723
 0.000337964 3769.552258994  1.387302078
 0.000345224 3747.648761536  1.382436772
 0.000352545 3726.232302304  1.377670152
 0.000359929 3705.416250906  1.373048223
 0.000367378 3685.392159451  1.368609006
 0.000374894 3665.985828223  1.364287252
 0.000382480 3647.064916258  1.360087239
 0.000390140 3628.594309589  1.356012289
 0.000397875 3610.611811347  1.352029712
 0.000405690 3593.238251494  1.348214489
 0.000413574 3576.729185555  1.344590331
 0.000421506 3561.043728493  1.341185552
 0.000429486 3545.881353653  1.337865615
 0.000437512 3531.580433173  1.334724083
 0.000445584 3517.170955707  1.331617809
 0.000453702 3503.426406293  1.328652738
 0.000461867 3488.372650846  1.325333480
 0.000470080 3475.554708056  1.322588314
 0.000478342 3463.084958171  1.319938068
 0.000486654 3450.384778704  1.317186952
 0.000495019 3438.553652710  1.314648921
 0.000503437 3427.084194061  1.312196693
 0.000511912 3420.737745234  1.311177091
 0.000520444 3407.130279107  1.308091842
 0.000529036 3393.761755939  1.305084912
 0.000537690 3384.772070359  1.303288112
 0.000546408 3372.169997213  1.300481726
 0.000555192 3361.253289835  1.298101875
 0.000564031 3350.544040591  1.295772066
 0.000572916 3340.445657777  1.293643130
 0.000581849 3334.629086089  1.292687929
 0.000590830 3321.981045298  1.289810885
 0.000599860 3310.506560800  1.287224774
 0.000608939 3304.908843587  1.286299943
 0.000618067 3290.804478553  1.283000669
 0.000627241 3281.296049085  1.280961633
 0.000636464 3271.602116292  1.278883852
 0.000645736 3261.937677227  1.276784365
 0.000655057 3252.605637227  1.274785147
 0.000664429 3242.542830670  1.272580234
 0.000673855 3234.565157465  1.270909455
 0.000683334 3223.135450303  1.268325114
 0.000692863 3216.750915834  1.267121259
 0.000702437 3204.207616130  1.264189029
 0.000712056 3193.804207222  1.261863856
 0.000721723 3186.130463228  1.260293026
 0.000731437 3175.976842368  1.258031564
 0.000741200 3164.750999036  1.255445155
 0.000751013 3155.048217386  1.253290916
 0.000760875 3145.026176946  1.251071518
 0.000770789 3139.127380290  1.249964502
 0.000780754 3129.832955327  1.247896376
 0.000790770 3117.518436331  1.245022780
 0.000800835 3108.137698965  1.242942912
 0.000810940 3100.692592606  1.241377268
 0.000821084 3090.318074000  1.239012835
 0.000831270 3084.292454315  1.237867199
 0.000841496 3073.137153699  1.235271605
 0.000851765 3064.058451221  1.233269603
 0.000862078 3057.714307406  1.231973159
 0.000872435 3047.673288651  1.229683512
 0.000882838 3042.746511140  1.228796954
 0.000893289 3032.043008236  1.226353014
 0.000903789 3024.123492379  1.224647786
 0.000914339 3017.782101156  1.223369089
 0.000924939 3009.146958569  1.221467343
 0.000935591 3004.544524136  1.220676555
 0.000946291 2994.735024684  1.218433924
 0.000957027 2987.743130390  1.216967858
 0.000967801 2981.139050889  1.215607746
 0.000978613 2974.074443677  1.214118920
 0.000989463 2968.594356931  1.213059376
 0.001000350 2960.657327868  1.211332742
 0.001011290 2956.317635787  1.210602318
 0.001022260 2947.901215652  1.208710785
 0.001033270 2940.915231186  1.207225426
 0.001044330 2935.967485129  1.206317408
 0.001055440 2928.021544216  1.204571731
 0.001066580 2924.073265045  1.203907114
 0.001077780 2915.464398038  1.201975425
 0.001089030 2909.013552147  1.200630387
 0.001100320 2903.679046820  1.199610046
 0.001111660 2896.205208383  1.197984689
 0.001123040 2892.046580430  1.197284238
 0.001134450 2883.575710323  1.195364976
 0.001145900 2877.276534090  1.194056045
 0.001157390 2871.130839029  1.192816608
 0.001168910 2864.518414236  1.191417886
 0.001180470 2859.324792938  1.190394569
 0.001192070 2851.935107107  1.188801772
 0.001203720 2847.452093852  1.187991232
 0.001215400 2839.691773702  1.186274892
 0.001227130 2833.213187738  1.184901317
 0.001238900 2828.396144014  1.183993587
 0.001250720 2821.156744787  1.182430654
 0.001262580 2817.203556790  1.181755546
 0.001274490 2809.548600923  1.180062442
 0.001286440 2803.568992816  1.178830033
 0.001298440 2798.631901680  1.177897071
 0.001310470 2791.923478960  1.176451356
 0.001322530 2788.080524735  1.175811403
 0.001334630 2780.704011664  1.174190876
 0.001346760 2775.037994355  1.173051085
 0.001358930 2769.745218556  1.171993421
 0.001371140 2764.129123804  1.170849559
 0.001383390 2759.614258451  1.170017151
 0.001395680 2753.229578585  1.168677325
 0.001408010 2749.467032029  1.168035667
 0.001420380 2742.824950934  1.166609421
 0.001432790 2737.162450645  1.165456138
 0.001445250 2732.983081702  1.164691265
 0.001457760 2726.749137341  1.163384854
 0.001470310 2723.265041173  1.162828195
 0.001482900 2716.800030420  1.161454077
 0.001495520 2711.758884499  1.160447662
 0.001508170 2707.652490467  1.159706763
 0.001520860 2702.002425336  1.158538515
 0.001533580 2698.773630358  1.158052247
 0.001546340 2692.554914707  1.156753648
 0.001559140 2687.892674187  1.155855659
 0.001571970 2683.389735711  1.154995427
 0.001584840 2678.863969289  1.154132052
 0.001597760 2675.248795111  1.153527456
 0.001610710 2670.132889139  1.152515953
 0.001623700 2667.233829232  1.152089079
 0.001636740 2661.853479773  1.150998610
 0.001649820 2657.401285224  1.150141092
 0.001662950 2654.043213970  1.149594614
 0.001676110 2649.224034240  1.148645855
 0.001689300 2646.197642848  1.148204864
 0.001702530 2641.007461907  1.147147964
 0.001715780 2636.981910239  1.146426742
 0.001729070 2633.717701274  1.145900141
 0.001742400 2629.219603096  1.145019278
 0.001755760 2626.547802020  1.144658768
 0.001769150 2621.476820424  1.143616186
 0.001782580 2617.848109209  1.142988643
 0.001796050 2614.023127388  1.142328887
 0.001809560 2610.060023649  1.141593622
 0.001823100 2606.940187190  1.141092080
 0.001836690 2602.528917493  1.140239446
 0.001850320 2599.861746589  1.139884530
 0.001863990 2595.202697041  1.138956019
 0.001877700 2591.134326209  1.138186169
 0.001891450 2588.373335153  1.137778399
 0.001905220 2583.966544365  1.136925356
 0.001919030 2581.429582397  1.136604278
 0.001932870 2576.764886933  1.135664428
 0.001946740 2573.073080571  1.135014582
 0.001960640 2569.894469807  1.134501711
 0.001974580 2565.758297999  1.133699967
 0.001988550 2563.224522662  1.133365605
 0.002002560 2558.591906760  1.132434171
 0.002016600 2555.079255933  1.131812979
 0.002030680 2551.668916910  1.131224568
 0.002044800 2548.043835049  1.130573380
 0.002058950 2545.233250765  1.130151389
 0.002073150 2541.277105076  1.129416545
 0.002087390 2538.695274666  1.129054920
 0.002101670 2534.812813604  1.128331676
 0.002115980 2531.258697570  1.127699589
 0.002130320 2528.551798635  1.127297639
 0.002144700 2524.663918073  1.126565007
 0.002159100 2522.354448948  1.126286261
 0.002173540 2518.254133414  1.125503510
 0.002188000 2514.984968319  1.124924771
 0.002202500 2512.282436923  1.124525015
 0.002217040 2508.654798053  1.123862344
 0.002231610 2506.522394122  1.123611330
 0.002246210 2502.461070029  1.122827666
 0.002260850 2499.293371556  1.122286543
 0.002275530 2496.450704538  1.121857029
 0.002290240 2493.391967093  1.121324132
 0.002304990 2490.832983419  1.120945433
 0.002319790 2487.299813655  1.120305586
 0.002334620 2485.016984774  1.120018162
 0.002349480 2481.343818075  1.119340448
 0.002364370 2478.062253070  1.118768935
 0.002379290 2475.682228481  1.118445813
 0.002394250 2472.123343915  1.117806503
 0.002409230 2470.111715682  1.117561843
 0.002424250 2466.360831944  1.116856964
 0.002439300 2464.212252917  1.116583421
 0.002454380 2460.640591235  1.115922864
 0.002469490 2458.543656667  1.115668926
 0.002484640 2454.836303335  1.114981124
 0.002499830 2452.388169026  1.114631688
 0.002515050 2449.029783905  1.114039814
 0.002530300 2446.811819825  1.113752524
 0.002545600 2443.574764674  1.113171827
 0.002560930 2440.974618342  1.112767659
 0.002576300 2438.140505399  1.112310685
 0.002591700 2435.432791806  1.111914076
 0.002607120 2433.508832367  1.111673432
 0.002622580 2430.146990817  1.111073255
 0.002638060 2428.242795676  1.110868098
 0.002653580 2425.080929043  1.110297973
 0.002669130 2422.844608393  1.110013439
 0.002684700 2419.902297137  1.109501650
 0.002700320 2417.739166733  1.109219588
 0.002715960 2414.711998288  1.108716926
 0.002731640 2412.336350136  1.108347809
 0.002747350 2409.618845048  1.107919396
 0.002763100 2407.205640565  1.107580997
 0.002778880 2405.258012831  1.107354518
 0.002794700 2402.152644539  1.106813578
 0.002810560 2400.302220161  1.106598801
 0.002826440 2397.157116639  1.106040883
 0.002842360 2395.005589449  1.105776814
 0.002858300 2392.332892456  1.105332045
 0.002874280 2390.260972344  1.105059642
 0.002890280 2387.570247636  1.104619856
 0.002906310 2385.358984823  1.104336494
 0.002922380 2382.936507706  1.103956150
 0.002938470 2380.662305017  1.103632244
 0.002954600 2378.764535390  1.103436950
 0.002970750 2375.975326487  1.102938061
 0.002986940 2374.320735660  1.102793385
 0.003003170 2371.493779752  1.102306830
 0.003019420 2369.640429076  1.102093186
 0.003035720 2366.961487970  1.101674474
 0.003052040 2365.037474068  1.101429144
 0.003068410 2362.608337628  1.101054174
 0.003084800 2360.439432698  1.100776239
 0.003101230 2358.250982790  1.100443650
 0.003117680 2356.243285353  1.100195847
 0.003134160 2354.629380385  1.100039991
 0.003150670 2351.902924450  1.099579309
 0.003167200 2350.243577201  1.099440381
 0.003183770 2347.505733552  1.098962908
 0.003200370 2345.647026599  1.098740638
 0.003216990 2343.105894288  1.098358199
 0.003233650 2341.374945971  1.098144252
 0.003250340 2339.031420362  1.097799113
 0.003267060 2336.965976823  1.097522378
 0.003283810 2334.903584607  1.097230782
 0.003300600 2332.906864508  1.096991559
 0.003317420 2331.380656428  1.096847278
 0.003334280 2328.809411349  1.096449908
 0.003351170 2327.531753707  1.096352354
 0.003368090 2325.066488271  1.095952553
 0.003385040 2323.322930970  1.095773397
 0.003402010 2321.094767049  1.095434964
 0.003419010 2319.416250832  1.095257630
 0.003436040 2317.128797803  1.094934157
 0.003453100 2315.299074356  1.094697345
 0.003470190 2313.285923627  1.094414906
 0.003487300 2311.391480416  1.094184805
 0.003504450 2309.857927289  1.094064440
 0.003521620 2307.588237345  1.093695470
 0.003538830 2306.269017777  1.093616256
 0.003556070 2303.744265058  1.093209501
 0.003573340 2302.173513720  1.093074892
 0.003590640 2300.103732583  1.092757865
 0.003607980 2298.575406380  1.092617027
 0.003625340 2296.434053271  1.092325447
 0.003642750 2294.707259617  1.092118305
 0.003660180 2292.788155843  1.091861258
 0.003677640 2291.022419037  1.091662544
 0.003695120 2289.694105838  1.091574523
 0.003712630 2287.526063416  1.091232635
 0.003730170 2286.169763646  1.091134887
 0.003747730 2283.951852655  1.090822274
 0.003765330 2282.423115724  1.090654394
 0.003782950 2280.391060295  1.090376896
 0.003800600 2278.805115200  1.090226636
 0.003818280 2276.859361432  1.089961174
 0.003836000 2275.221437537  1.089779343
 0.003853740 2273.538781876  1.089571808
 0.003871510 2271.905217075  1.089408017
 0.003889310 2270.612935690  1.089334515
 0.003907150 2268.436265122  1.089015645
 0.003925020 2267.318828641  1.088961316
 0.003942920 2265.103654328  1.088630526
 0.003960850 2263.775609582  1.088524245
 0.003978800 2261.788483135  1.088263512
 0.003996790 2260.404095716  1.088152284
 0.004014790 2258.484936155  1.087900935
 0.004032830 2256.920465161  1.087736801
 0.004050890 2255.234012622  1.087547301
 0.004068980 2253.665477718  1.087396310
 0.004087090 2252.452725948  1.087324636
 0.004105240 2250.507686000  1.087048192
 0.004123410 2249.318074105  1.087006674
 0.004141610 2247.422114141  1.086741727
 0.004159850 2246.156157950  1.086635414
 0.004178110 2244.352862306  1.086405514
 0.004196400 2242.922909607  1.086297069
 0.004214720 2241.101693581  1.086065227
 0.004233080 2239.774814483  1.085935767
 0.004251470 2238.157507559  1.085754633
 0.004269880 2236.663208238  1.085610076
 0.004288330 2235.560494237  1.085551396
 0.004306790 2233.601401383  1.085281871
 0.004325290 2232.495422235  1.085245297
 0.004343810 2230.557922662  1.084958007
 0.004362350 2229.314344769  1.084883528
 0.004380920 2227.699606140  1.084690132
 0.004399520 2226.489247163  1.084617576
 0.004418150 2224.857840124  1.084427351
 0.004436800 2223.586870308  1.084314394
 0.004455480 2222.041184930  1.084136443
 0.004474190 2220.732166057  1.084041699
 0.004492930 2219.608689558  1.084000914
 0.004511700 2217.794733740  1.083767589
 0.004530500 2216.839827758  1.083747978
 0.004549320 2215.066102160  1.083514379
 0.004568180 2213.924450362  1.083441324
 0.004587070 2212.283496053  1.083251904
 0.004605990 2211.160256453  1.083202837
 0.004624940 2209.521910536  1.083000967
 0.004643910 2208.216628619  1.082902332
 0.004662900 2206.747507400  1.082746559
 0.004681920 2205.564274069  1.082692088
 0.004700960 2204.563919658  1.082665654
 0.004720030 2202.891092155  1.082442288
 0.004739130 2201.843821557  1.082419360
 0.004758250 2200.195231670  1.082217359
 0.004777400 2199.136658558  1.082152374
 0.004796580 2197.669314487  1.081999623
 0.004815790 2196.597190005  1.081952130
 0.004835020 2195.144821283  1.081786254
 0.004854280 2193.860828346  1.081700572
 0.004873570 2192.519737094  1.081572274
 0.004892890 2191.264922833  1.081479158
 0.004912240 2190.285578319  1.081466545
 0.004931620 2188.681458061  1.081278153
 0.004951030 2187.741752684  1.081280456
 0.004970470 2186.120597976  1.081082366
 0.004989930 2185.153743940  1.081047946
 0.005009410 2183.732157884  1.080889832
 0.005028920 2182.748042312  1.080851416
 0.005048450 2181.253158226  1.080691695
 0.005068010 2180.134284037  1.080630313
 0.005087590 2178.815708815  1.080511630
 0.005107200 2177.692750417  1.080459461
 0.005126840 2176.792026754  1.080455581
 0.005146500 2175.211991210  1.080281010
 0.005166180 2174.328603463  1.080280751
 0.005185900 2172.787403654  1.080112528
 0.005205640 2171.804270761  1.080065687
 0.005225410 2170.498117665  1.079950268
 0.005245210 2169.431167191  1.079908667
 0.005265040 2168.150547954  1.079779595
 0.005284900 2167.077015741  1.079732262
 0.005304780 2165.774044299  1.079618611
 0.005324700 2164.701860159  1.079556792
 0.005344640 2163.776812664  1.079562377
 0.005364600 2162.435074403  1.079405682
 0.005384590 2161.716107830  1.079445231
 0.005404600 2160.236238885  1.079293759
 0.005424640 2159.314123526  1.079271632
 0.005444700 2158.004271390  1.079143422
 0.005464780 2157.004460581  1.079135917
 0.005484890 2155.669933183  1.079007287
 0.005505020 2154.674738986  1.078948587
 0.005525180 2153.466785749  1.078864768
 0.005545370 2152.449544851  1.078819734
 0.005565580 2151.636572193  1.078830028
 0.005585820 2150.248774519  1.078681843
 0.005606090 2149.501581298  1.078704098
 0.005626380 2148.025498893  1.078555704
 0.005646700 2147.100522922  1.078535324
 0.005667050 2145.896830743  1.078432356
 0.005687430 2144.955433612  1.078419239
 0.005707840 2143.786650975  1.078318460
 0.005728280 2142.777465408  1.078280657
 0.005748730 2141.630491970  1.078217617
 0.005769210 2140.698320532  1.078201967
 0.005789720 2139.945961469  1.078197465
 0.005810240 2138.632562014  1.078085272
 0.005830790 2137.885931326  1.078117121
 0.005851370 2136.573097571  1.077996886
 0.005871960 2135.726631674  1.078004784
 0.005892580 2134.505472742  1.077911921
 0.005913230 2133.614266342  1.077909862
 0.005933900 2132.377779043  1.077820688
 0.005954600 2131.515698661  1.077792350
 0.005975320 2130.404775811  1.077728533
 0.005996070 2129.441025929  1.077699139
 0.006016850 2128.716101450  1.077720011
 0.006037650 2127.425610193  1.077590910
 0.006058490 2126.682279567  1.077624312
 0.006079350 2125.400935246  1.077503388
 0.006100230 2124.518326579  1.077498523
 0.006121150 2123.483582678  1.077416834
 0.006142090 2122.650537382  1.077418036
 0.006163050 2121.564212499  1.077349103
 0.006184040 2120.627222275  1.077326913
 0.006205050 2119.617636128  1.077283237
 0.006226080 2118.693915784  1.077263301
 0.006247130 2117.996289957  1.077300864
 0.006268200 2116.864948203  1.077199144
 0.006289300 2116.213979455  1.077247737
 0.006310420 2114.996133516  1.077150966
 0.006331570 2114.207605239  1.077161169
 0.006352740 2113.097205114  1.077090490
 0.006373940 2112.374305613  1.077101932
 0.006395160 2111.275898630  1.077025904
 0.006416410 2110.414064158  1.077016960
 0.006437680 2109.390918493  1.076968316
 0.006458980 2108.535074566  1.076959577
 0.006480310 2107.884151463  1.076998048
 0.006501670 2106.707976136  1.076894195
 0.006523050 2106.053907429  1.076948047
 0.006544460 2104.838999323  1.076841252
 0.006565890 2104.028960708  1.076852054
 0.006587350 2103.010744951  1.076792494
 0.006608830 2102.288224385  1.076804437
 0.006630330 2101.315130382  1.076765968
 0.006651860 2100.520825248  1.076774584
 0.006673400 2099.539070117  1.076737114
 0.006694970 2098.735204707  1.076738185
 0.006716560 2098.151628411  1.076781546
 0.006738170 2097.049357577  1.076701823
 0.006759800 2096.460737347  1.076762727
 0.006781460 2095.347454793  1.076687381
 0.006803150 2094.633957379  1.076718696
 0.006824860 2093.563671638  1.076651785
 0.006846590 2092.860274848  1.076679912
 0.006868350 2091.924056587  1.076620176
 0.006890130 2091.168679537  1.076632979
 0.006911940 2090.232359106  1.076599645
 0.006933780 2089.456446104  1.076609687
 0.006955640 2088.827027466  1.076667232
 0.006977530 2087.717464035  1.076583915
 0.006999450 2087.111082376  1.076648535
 0.007021400 2086.056661418  1.076566855
 0.007043360 2085.406435858  1.076599655
 0.007065350 2084.456640859  1.076559638
 0.007087350 2083.727724174  1.076585474
 0.007109380 2082.859566145  1.076570719
 0.007131430 2082.079665351  1.076582299
 0.007153500 2081.240994868  1.076570329
 0.007175590 2080.490943481  1.076582360
 0.007197710 2079.952362990  1.076636593
 0.007219840 2078.926575207  1.076572219
 0.007242000 2078.375568889  1.076642614
 0.007264190 2077.344657253  1.076584434
 0.007286400 2076.679410813  1.076622795
 0.007308630 2075.707109152  1.076581265
 0.007330880 2075.034815261  1.076617441
 0.007353170 2074.195238053  1.076579586
 0.007375470 2073.487394240  1.076605151
 0.007397810 2072.644082706  1.076593744
 0.007420160 2071.940187161  1.076623076
 0.007442550 2071.348042197  1.076685993
 0.007464960 2070.386685876  1.076635298
 0.007487400 2069.808896276  1.076706233
 0.007509860 2068.884125614  1.076642239
 0.007532340 2068.240249497  1.076681751
 0.007554840 2067.382437583  1.076667305
 0.007577370 2066.731912317  1.076706779
 0.007599910 2065.911007630  1.076702423
 0.007622470 2065.201226632  1.076727803
 0.007645060 2064.424108806  1.076730012
 0.007667660 2063.782914596  1.076751482
 0.007690290 2063.257172525  1.076821166
 0.007712940 2062.270960191  1.076769803
 0.007735610 2061.773050241  1.076849022
 0.007758310 2060.832288824  1.076816157
 0.007781030 2060.104326240  1.076829785
 0.007803770 2059.340645353  1.076838717
 0.007826540 2058.957117014  1.076927054
 0.007849330 2058.079137610  1.076898919
 0.007872140 2057.359510473  1.076908428
 0.007894980 2056.585130195  1.076914420
 0.007917850 2055.865730150  1.076934971
 0.007940740 2055.132797525  1.076952798
 0.007963660 2054.466398876  1.076978521
 0.007986600 2054.084115938  1.077070729
 0.008009570 2053.257968570  1.077056884
 0.008032560 2052.495214521  1.077061102
 0.008055570 2051.790957146  1.077082932
 0.008078590 2051.063172245  1.077101676
 0.008101640 2050.633505836  1.077196465
 0.008124710 2049.810619590  1.077189677
 0.008147790 2049.152669547  1.077199438
 0.008170900 2048.431137441  1.077212796
 0.008194030 2047.744776546  1.077239295
 0.008217180 2047.024763217  1.077259628
 0.008240350 2046.367886094  1.077294525
 0.008263550 2045.868821700  1.077381028
 0.008286760 2045.158282788  1.077381756
 0.008310000 2044.384891091  1.077388219
 0.008333270 2043.692571868  1.077418545
 0.008356560 2042.959831826  1.077444573
 0.008379870 2042.596033646  1.077541064
 0.008403200 2041.776136493  1.077539668
 0.008426560 2041.113355235  1.077556399
 0.008449950 2040.379919440  1.077578857
 0.008473350 2039.799530399  1.077616039
 0.008496790 2039.120604274  1.077649052
 0.008520250 2038.563888240  1.077685484
 0.008543740 2038.146340974  1.077787131
 0.008567240 2037.473324776  1.077788082
 0.008590760 2036.748155822  1.077799894
 0.008614300 2036.106686708  1.077837435
 0.008637860 2035.444481178  1.077868235
 0.008661440 2035.064226487  1.077975756
 0.008685040 2034.304414346  1.077981180
 0.008708660 2033.687065322  1.078002195
 0.008732300 2032.999896267  1.078021467
 0.008755960 2032.368717842  1.078062183
 0.008779650 2031.734485674  1.078103153
 0.008803350 2031.114466592  1.078145245
 0.008827080 2030.741218010  1.078240929
 0.008850820 2030.009269582  1.078252816
 0.008874600 2029.299945244  1.078278470
 0.008898390 2028.675237151  1.078320616
 0.008922210 2028.042992437  1.078356170
 0.008946050 2027.684476139  1.078466583
 0.008969910 2026.952532658  1.078473254
 0.008993800 2026.325067942  1.078510072
 0.009017710 2025.699204451  1.078545392
 0.009041650 2025.123252712  1.078596611
 0.009065610 2024.526173548  1.078634524
 0.009089600 2023.966675688  1.078690562
 0.009113610 2023.582022828  1.078791409
 0.009137640 2022.870083658  1.078805663
 0.009161680 2022.245807197  1.078835656
 0.009185750 2021.652638069  1.078882095
 0.009209830 2021.074013312  1.078924829
 0.009233930 2020.719967112  1.079036768
 0.009258050 2020.014873638  1.079049774
 0.009282190 2019.420881140  1.079090720
 0.009306350 2018.785150923  1.079122882
 0.009330530 2018.221180928  1.079171779
 0.009354730 2017.642329378  1.079220314
 0.009378960 2017.122222608  1.079279026
 0.009403200 2016.528607737  1.079325939
 0.009427470 2016.022407152  1.079384101
 0.009451750 2015.412467365  1.079429559
 0.009476060 2014.927946763  1.079490497
 0.009500400 2014.306753284  1.079538030
 0.009524750 2013.871550496  1.079604470
 0.009549130 2013.299837941  1.079666542
 0.009573540 2012.958203667  1.079758590
 0.009597960 2012.151859838  1.079753167
 0.009622410 2011.708252691  1.079822017
 0.009646890 2011.139420114  1.079883986
 0.009671390 2010.701316379  1.079954249
 0.009695910 2010.215940099  1.080035173
 0.009720450 2009.516860463  1.080033634
 0.009745010 2008.949446947  1.080095347
 0.009769580 2008.548768442  1.080177085
 0.009794170 2008.015409527  1.080250390
 0.009818790 2007.560691561  1.080306748
 0.009843420 2006.899996531  1.080344670
 0.009868070 2006.444098701  1.080408554
 0.009892730 2005.920757513  1.080481084
 0.009917420 2005.625747155  1.080582762
 0.009942130 2004.862840242  1.080586342
 0.009966860 2004.413517837  1.080647909
 0.009991610 2003.826351742  1.080699773
 0.010016400 2003.514506638  1.080794491
 0.010041200 2002.892096041  1.080841839
 0.010066000 2002.394249955  1.080885602
 0.010090800 2001.821572496  1.080941447
 0.010115700 2001.492722796  1.081034623
 0.010140600 2000.870157336  1.081082624
 0.010165500 2000.353479343  1.081131398
 0.010190400 1999.899739053  1.081220964
 0.010215300 1999.427876529  1.081279518
 0.010240300 1999.032637717  1.081370600
 0.010265300 1998.413240484  1.081396120
 0.010290300 1997.932397487  1.081472427
 0.010315400 1997.527784510  1.081550153
 0.010340400 1996.964914744  1.081601936
 0.010365500 1996.461097177  1.081668701
 0.010390600 1995.926859287  1.081721594
 0.010415700 1995.542554093  1.081816276
 0.010440800 1995.108739441  1.081916285
 0.010466000 1994.483915867  1.081942898
 0.010491200 1994.007187316  1.082027142
 0.010516300 1993.503697132  1.082078894
 0.010541500 1993.012015317  1.082154210
 0.010566800 1992.569086336  1.082237406
 0.010592000 1992.151949011  1.082336283
 0.010617300 1991.512022276  1.082361231
 0.010642600 1991.002769504  1.082429037
 0.010667900 1990.570495329  1.082504975
 0.010693200 1990.009396312  1.082559580
 0.010718500 1989.632481268  1.082643673
 0.010743900 1989.305654544  1.082767115
 0.010769300 1988.791279973  1.082803406
 0.010794700 1988.290494024  1.082868321
 0.010820100 1987.870090532  1.082939721
 0.010845600 1987.548890599  1.083032564
 0.010871100 1986.942963934  1.083067350
 0.010896600 1986.511322982  1.083150270
 0.010922100 1986.020539172  1.083223895
 0.010947600 1985.557151860  1.083300129
 0.010973200 1985.157712725  1.083399447
 0.010998800 1984.690287721  1.083458325
 0.011024400 1984.424236793  1.083585547
 0.011050000 1983.829804718  1.083607395
 0.011075700 1983.413078951  1.083693219
 0.011101300 1982.900367043  1.083754759
 0.011127000 1982.445302328  1.083824485
 0.011152700 1981.983812345  1.083899203
 0.011178400 1981.605263807  1.083978774
 0.011204100 1981.193651052  1.084071469
 0.011229900 1980.712098227  1.084139433
 0.011255600 1980.328470299  1.084236338
 0.011281400 1979.823665529  1.084294237
 0.011307200 1979.395488231  1.084383970
 0.011333000 1979.174207872  1.084498851
 0.011358900 1978.548906940  1.084517185
 0.011384700 1978.146088568  1.084609762
 0.011410600 1977.705002574  1.084685813
 0.011436500 1977.299239709  1.084778277
 0.011462500 1977.024382150  1.084898509
 0.011488400 1976.466265151  1.084949212
 0.011514400 1975.990099316  1.085022432
 0.011540400 1975.566379868  1.085106584
 0.011566400 1975.261986796  1.085206777
 0.011592400 1974.705672914  1.085253555
 0.011618500 1974.261890181  1.085341633
 0.011644600 1973.868887004  1.085433678
 0.011670700 1973.380286975  1.085514312
 0.011696800 1973.118480721  1.085623722
 0.011722900 1972.591579650  1.085693237
 0.011749100 1972.393421395  1.085814520
 0.011775200 1971.769829688  1.085855184
 0.011801400 1971.454712220  1.085951834
 0.011827600 1970.940527291  1.086016993
 0.011853800 1970.547692649  1.086092341
 0.011880100 1970.126823639  1.086180157
 0.011906300 1969.726245557  1.086268381
 0.011932600 1969.367192919  1.086365282
 0.011958900 1968.950555035  1.086450385
 0.011985200 1968.629383198  1.086550788
 0.012011500 1968.167344981  1.086623716
 0.012037900 1967.787336391  1.086708351
 0.012064300 1967.545914284  1.086837968
 0.012090600 1966.949413564  1.086866252
 0.012117100 1966.633503378  1.086973714
 0.012143500 1966.167721461  1.087048246
 0.012169900 1965.842001026  1.087151026
 0.012196400 1965.515919218  1.087269108
 0.012222900 1965.134638357  1.087344699
 0.012249400 1964.610592033  1.087410477
 0.012276000 1964.299436194  1.087499670
 0.012302500 1964.005309089  1.087624197
 0.012329100 1963.592055932  1.087687376
 0.012355700 1963.141446141  1.087767270
 0.012382300 1962.822451943  1.087867674
 0.012409000 1962.417023226  1.087959236
 0.012435600 1962.028065320  1.088047573
 0.012462300 1961.708406909  1.088139349
 0.012489000 1961.293748132  1.088222115
 0.012515700 1960.910619509  1.088311109
 0.012542400 1960.540288497  1.088399744
 0.012569100 1960.197873798  1.088494956
 0.012595900 1959.836676099  1.088593056
 0.012622600 1959.473561358  1.088688940
 0.012649400 1959.131531661  1.088777848
 0.012676200 1958.855183630  1.088906613
 0.012703100 1958.413029340  1.088962051
 0.012729900 1958.083496434  1.089075608
 0.012756800 1957.618299338  1.089128888
 0.012783600 1957.333764681  1.089241344
 0.012810500 1956.997326490  1.089338893
 0.012837500 1956.660109925  1.089440303
 0.012864400 1956.288811438  1.089518885
 0.012891400 1956.047829442  1.089665813
 0.012918300 1955.510309114  1.089713282
 0.012945300 1955.317931114  1.089838290
 0.012972400 1954.795183219  1.089902288
 0.012999400 1954.604602221  1.090044930
 0.013026500 1954.139098313  1.090105429
 0.013053500 1953.809854250  1.090213550
 0.013080600 1953.450818529  1.090307325
 0.013107800 1953.033223710  1.090390874
 0.013134900 1952.724477676  1.090501696
 0.013162100 1952.377052298  1.090586340
 0.013189300 1952.035472984  1.090674379
 0.013216500 1951.737146266  1.090767992
 0.013243700 1951.377469555  1.090879725
 0.013270900 1950.990942380  1.090962320
 0.013298100 1950.793590773  1.091105089
 0.013325400 1950.321417249  1.091177319
 0.013352600 1950.016203684  1.091309431
 0.013379900 1949.507544739  1.091366917
 0.013407200 1949.129761115  1.091466620
 0.013434600 1948.876537338  1.091589716
 0.013461900 1948.622813533  1.091726386
 0.013489300 1948.235209617  1.091804214
 0.013516600 1947.852344966  1.091881307
 0.013544000 1947.609162644  1.091999858
 0.013571500 1947.204228880  1.092067261
 0.013598900 1946.903231894  1.092174002
 0.013626300 1946.561114321  1.092280375
 0.013653800 1946.299591931  1.092399401
 0.013681300 1945.892405591  1.092495548
 0.013708800 1945.590849553  1.092586981
 0.013736400 1945.287013842  1.092698953
 0.013763900 1944.836933678  1.092780235
 0.013791500 1944.560964439  1.092898621
 0.013819100 1944.215975092  1.092991138
 0.013846700 1943.923652789  1.093098523
 0.013874300 1943.582426546  1.093197986
 0.013902000 1943.247211854  1.093300840
 0.013929700 1942.915918544  1.093407206
 0.013957300 1942.581633707  1.093498491
 0.013985000 1942.243156034  1.093606460
 0.014012800 1941.968716792  1.093711008
 0.014040500 1941.636997504  1.093823566
 0.014068300 1941.363250234  1.093920554
 0.014096000 1941.134895980  1.094060717
 0.014123800 1940.728903865  1.094137467
 0.014151600 1940.495710472  1.094265171
 0.014179400 1940.082449420  1.094337490
 0.014207200 1939.756593624  1.094436705
 0.014235100 1939.502490532  1.094554044
 0.014262900 1939.330244219  1.094690445
 0.014290800 1938.952547404  1.094776262
 0.014318700 1938.549552801  1.094869138
 0.014346600 1938.371222828  1.094989509
 0.014374600 1937.961024594  1.095069576
 0.014402500 1937.685576719  1.095184578
 0.014430500 1937.373055408  1.095295157
 0.014458500 1937.120033282  1.095417712
 0.014486500 1936.810839137  1.095516387
 0.014514500 1936.469023339  1.095611863
 0.014542600 1936.184926186  1.095730898
 0.014570600 1935.827857483  1.095821189
 0.014598700 1935.523681556  1.095940868
 0.014626800 1935.292726703  1.096041961
 0.014655000 1934.973643366  1.096150539
 0.014683100 1934.660035277  1.096255901
 0.014711300 1934.313284983  1.096364678
 0.014739500 1934.081765895  1.096474311
 0.014767700 1933.752636804  1.096573173
 0.014795900 1933.496020512  1.096692902
 0.014824100 1933.182379004  1.096803670
 0.014852400 1932.896199509  1.096916618
 0.014880600 1932.611945793  1.097016035
 0.014908900 1932.444215057  1.097159539
 0.014937200 1932.019274921  1.097240324
 0.014965500 1931.833935996  1.097380432
 0.014993900 1931.400875202  1.097450540
 0.015022200 1931.181622257  1.097565679
 0.015050500 1930.890092198  1.097682771
 0.015078900 1930.720557066  1.097825829
 0.015107300 1930.339812221  1.097924670
 0.015135700 1930.046256427  1.098011545
 0.015164100 1929.829352945  1.098146556
 0.015192600 1929.439547008  1.098230884
 0.015221000 1929.161923961  1.098345736
 0.015249500 1928.898032026  1.098465652
 0.015278000 1928.712045407  1.098589931
 0.015306500 1928.409059517  1.098696671
 0.015335100 1928.066903503  1.098799854
 0.015363600 1927.809864300  1.098920907
 0.015392200 1927.468507057  1.099011392
 0.015420800 1927.277486708  1.099137964
 0.015449400 1926.949969141  1.099245715
 0.015478000 1926.705791081  1.099362353
 0.015506600 1926.384644324  1.099477170
 0.015535300 1926.161871436  1.099583145
 0.015564000 1925.911081411  1.099710387
 0.015592700 1925.612138310  1.099818487
 0.015621400 1925.334811609  1.099931432
 0.015650100 1925.096613538  1.100044695
 0.015678900 1924.912516724  1.100152105
 0.015707700 1924.674762135  1.100256249
 0.015736400 1924.440137795  1.100374269
 0.015765200 1924.268505269  1.100518937
 0.015794100 1923.962543617  1.100618898
 0.015822900 1923.604124708  1.100692423
 0.015851700 1923.456617090  1.100837956
 0.015880600 1923.121739321  1.100934941
 0.015909400 1922.827302503  1.101055855
 0.015938300 1922.597364625  1.101181820
 0.015967200 1922.288045990  1.101292435
 0.015996100 1922.140817471  1.101432182
 0.016025100 1921.840773676  1.101536253
 0.016054000 1921.609989008  1.101655677
 0.016083000 1921.463939127  1.101785513
 0.016112000 1921.151862433  1.101880465
 0.016141000 1921.035425031  1.102028871
 0.016170000 1920.685110472  1.102128222
 0.016199000 1920.330298380  1.102232498
 0.016228100 1920.025464827  1.102339873
 0.016257200 1919.854547844  1.102467250
 0.016286300 1919.602225952  1.102587016
 0.016315400 1919.422578913  1.102718601
 0.016344500 1919.163674041  1.102835167
 0.016373600 1918.800167343  1.102927118
 0.016402800 1918.635394198  1.103049575
 0.016432000 1918.499646470  1.103215032
 0.016461200 1918.103797405  1.103294122
 0.016490400 1917.828436691  1.103414067
 0.016519600 1917.538593243  1.103538925
 0.016548900 1917.292657769  1.103668097
 0.016578200 1917.004850931  1.103761867
 0.016607500 1916.809541963  1.103898242
 0.016636800 1916.613019772  1.104027873
 0.016666100 1916.319998183  1.104135414
 0.016695400 1916.130926567  1.104248363
 0.016724800 1915.871812060  1.104365716
 0.016754100 1915.628250253  1.104490472
 0.016783500 1915.393489506  1.104620329
 0.016812900 1915.082565864  1.104721312
 0.016842300 1914.875497253  1.104852617
 0.016871700 1914.647924387  1.104982064
 0.016901100 1914.459147553  1.105105378
 0.016930600 1914.188593687  1.105219936
 0.016960000 1914.047345404  1.105371163
 0.016989500 1913.671736622  1.105464012
 0.017019000 1913.463121453  1.105592706
 0.017048500 1913.160138013  1.105704217
 0.017078000 1912.989679292  1.105826502
 0.017107600 1912.788665877  1.105952366
 0.017137100 1912.526807219  1.106074530
 0.017166700 1912.317648620  1.106185338
 0.017196300 1912.174936369  1.106336362
 0.017225900 1911.852222786  1.106434801
 0.017255600 1911.584273956  1.106558421
 0.017285200 1911.318468444  1.106675327
 0.017314900 1911.088059131  1.106813733
 0.017344600 1910.804306163  1.106932316
 0.017374300 1910.488093405  1.107042527
 0.017404000 1910.348371601  1.107178722
 0.017433700 1910.103436729  1.107312442
 0.017463500 1909.926827337  1.107428466
 0.017493300 1909.668296971  1.107553880
 0.017523100 1909.606105999  1.107697416
 0.017552900 1909.305049549  1.107802699
 0.017582700 1909.032946403  1.107921601
 0.017612500 1908.750171820  1.108034242
 0.017642400 1908.489814075  1.108169140
 0.017672300 1908.297115656  1.108297735
 0.017702100 1908.038532429  1.108413098
 0.017732000 1907.843111534  1.108542039
 0.017761900 1907.698105373  1.108686123
 0.017791800 1907.523536174  1.108807726
 0.017821800 1907.220748627  1.108920682
 0.017851700 1906.983784213  1.109038755
 0.017881700 1906.739508240  1.109172407
 0.017911700 1906.570246096  1.109292835
 0.017941700 1906.324544851  1.109422667
 0.017971700 1906.167871893  1.109550827
 0.018001700 1905.939414073  1.109675560
 0.018031700 1905.709203488  1.109790769
 0.018061800 1905.443469220  1.109915097
 0.018091900 1905.391985381  1.110063215
 0.018121900 1905.064476484  1.110158150
 0.018152000 1904.917714421  1.110300509
 0.018182200 1904.718968068  1.110439963
 0.018212300 1904.552158809  1.110584814
 0.018242500 1904.223921168  1.110675822
 0.018272600 1903.998379956  1.110801058
 0.018302800 1903.768031205  1.110927507
 0.018333000 1903.573909724  1.111058941
 0.018363200 1903.386703296  1.111180153
 0.018393500 1903.156807860  1.111306727
 0.018423800 1903.063957965  1.111462805
 0.018454000 1902.830297965  1.111598678
 0.018484300 1902.503114299  1.111690672
 0.018514600 1902.299659304  1.111818598
 0.018545000 1902.116183351  1.111943567
 0.018575300 1901.981640509  1.112097183
 0.018605700 1901.819533737  1.112213069
 0.018636100 1901.586307730  1.112332666
 0.018666400 1901.314649981  1.112449007
 0.018696800 1901.146346967  1.112582567
 0.018727200 1900.970627136  1.112712747
 0.018757700 1900.758320865  1.112843160
 0.018788100 1900.519263425  1.112974171
 0.018818600 1900.355344489  1.113114549
 0.018849000 1900.218641632  1.113264293
 0.018879500 1899.981511326  1.113361553
 0.018910000 1899.779350084  1.113481190
 0.018940500 1899.614690902  1.113616694
 0.018971000 1899.460147335  1.113760990
 0.019001600 1899.287799720  1.113890606
 0.019032100 1898.975330579  1.114007062
 0.019062700 1898.718028398  1.114122628
 0.019093300 1898.491908501  1.114259381
 0.019123900 1898.368293789  1.114406857
 0.019154500 1898.143449120  1.114527068
 0.019185100 1897.945853932  1.114656157
 0.019215700 1897.728971487  1.114784517
 0.019246400 1897.530173047  1.114910245
 0.019277100 1897.382837682  1.115069885
 0.019307800 1897.169789248  1.115188865
 0.019338500 1896.953287355  1.115307443
 0.019369200 1896.716638843  1.115421380
 0.019400000 1896.578412396  1.115563501
 0.019430700 1896.492385222  1.115706599
 0.019461500 1896.262617448  1.115820340
 0.019492300 1896.044583883  1.115944310
 0.019523100 1895.848805562  1.116083984
 0.019553900 1895.632059410  1.116218194
 0.019584800 1895.461965248  1.116357770
 0.019615700 1895.185912630  1.116482343
 0.019646500 1895.050945284  1.116620988
 0.019677400 1894.979589879  1.116776016
 0.019708300 1894.735547572  1.116883550
 0.019739300 1894.568133285  1.117016211
 0.019770200 1894.330287165  1.117142488
 0.019801100 1894.166767548  1.117279448
 0.019832100 1894.031016295  1.117426969
 0.019863100 1893.757660695  1.117544533
 0.019894000 1893.591612390  1.117680600
 0.019925000 1893.377975851  1.117801009
 0.019956100 1893.246030069  1.117942272
 0.019987100 1893.161723519  1.118104672
 0.020018100 1892.891359094  1.118218488
 0.020049200 1892.672277229  1.118347336
 0.020080200 1892.442012255  1.118471672
 0.020111300 1892.320102185  1.118605458
 0.020142400 1892.235828865  1.118766327
 0.020173500 1891.936273826  1.118875650
 0.020204600 1891.738838142  1.119003689
 0.020235800 1891.507267379  1.119137156
 0.020266900 1891.416793264  1.119269841
 0.020298100 1891.220004771  1.119405659
 0.020329300 1891.047758872  1.119541216
 0.020360500 1890.882506810  1.119684407
 0.020391700 1890.648810038  1.119808794
 0.020422900 1890.523948851  1.119939235
 0.020454200 1890.301098422  1.120079966
 0.020485400 1890.071601047  1.120210574
 0.020516700 1889.808007238  1.120341005
 0.020548000 1889.633656704  1.120484578
 0.020579300 1889.610837047  1.120646731
 0.020610600 1889.327697085  1.120760514
 0.020642000 1889.113043898  1.120901461
 0.020673400 1888.889554173  1.121025273
 0.020704700 1888.729611669  1.121174047
 0.020736100 1888.617616488  1.121302707
 0.020767600 1888.406844875  1.121430709
 0.020799000 1888.208808515  1.121562806
 0.020830400 1888.046638496  1.121704510
 0.020861900 1887.913532962  1.121861104
 0.020893300 1887.839266686  1.122001819
 0.020924800 1887.561510451  1.122112858
 0.020956300 1887.325247001  1.122239223
 0.020987800 1887.211349030  1.122388226
 0.021019300 1887.010021992  1.122521953
 0.021050800 1886.869362342  1.122653221
 0.021082400 1886.750240891  1.122810080
 0.021113900 1886.513029265  1.122930967
 0.021145500 1886.356074297  1.123075743
 0.021177100 1886.263325766  1.123218932
 0.021208700 1886.008564258  1.123332563
 0.021240300 1885.801212459  1.123463343
 0.021271900 1885.636865718  1.123612248
 0.021303500 1885.526082481  1.123743278
 0.021335200 1885.314204812  1.123873311
 0.021366800 1885.205914196  1.124031408
 0.021398500 1884.982121539  1.124160801
 0.021430200 1884.860355536  1.124292241
 0.021461900 1884.660586522  1.124422621
 0.021493600 1884.524927084  1.124569769
 0.021525300 1884.345507460  1.124702659
 0.021557100 1884.265165893  1.124836091
 0.021588800 1884.182175011  1.124983849
 0.021620600 1883.945818431  1.125099307
 0.021652400 1883.768067570  1.125240803
 0.021684200 1883.621309591  1.125372730
 0.021716100 1883.421111290  1.125516058
 0.021747900 1883.252577310  1.125656957
 0.021779800 1883.130279702  1.125800126
 0.021811700 1882.965540585  1.125929199
 0.021843600 1882.828208091  1.126070224
 0.021875500 1882.748397570  1.126220297
 0.021907400 1882.576002754  1.126350645
 0.021939300 1882.422763218  1.126485213
 0.021971300 1882.231236856  1.126624316
 0.022003300 1882.065835187  1.126758126
 0.022035300 1881.904172631  1.126892715
 0.022067200 1881.745848546  1.127041884
 0.022099200 1881.493789723  1.127176031
 0.022131300 1881.365424694  1.127329357
 0.022163300 1881.303220209  1.127494898
 0.022195300 1881.056114813  1.127606410
 0.022227400 1880.902009854  1.127760613
 0.022259400 1880.814641344  1.127903740
 0.022291500 1880.627260948  1.128033896
 0.022323600 1880.432887819  1.128159746
 0.022355700 1880.296667538  1.128300829
 0.022387800 1880.156377613  1.128430459
 0.022419900 1880.028980482  1.128571332
 0.022452100 1879.920515251  1.128719444
 0.022484200 1879.695800687  1.128853254
 0.022516400 1879.542901335  1.128989952
 0.022548600 1879.270338137  1.129123186
 0.022580800 1879.206706600  1.129272487
 0.022613000 1879.033563762  1.129406157
 0.022645200 1878.883218022  1.129552202
 0.022677400 1878.778681608  1.129710286
 0.022709700 1878.571534941  1.129834813
 0.022742000 1878.458419983  1.129979561
 0.022774200 1878.274793481  1.130114524
 0.022806500 1878.084916026  1.130247621
 0.022838900 1877.927447898  1.130381822
 0.022871200 1877.809329577  1.130523407
 0.022903500 1877.669017532  1.130668184
 0.022935900 1877.487589591  1.130814185
 0.022968300 1877.381310915  1.130964338
 0.023000600 1877.241910771  1.131094412
 0.023033100 1877.113045535  1.131243526
 0.023065500 1876.868367688  1.131371851
 0.023097900 1876.816245800  1.131517260
 0.023130400 1876.622822312  1.131649084
 0.023162900 1876.491079219  1.131796067
 0.023195300 1876.380847884  1.131957704
 0.023227800 1876.218881923  1.132079987
 0.023260300 1876.092984134  1.132229123
 0.023292900 1875.915452202  1.132364121
 0.023325400 1875.773962737  1.132504451
 0.023357900 1875.626807545  1.132642479
 0.023390500 1875.480462965  1.132792505
 0.023423000 1875.337882324  1.132926127
 0.023455600 1875.205973413  1.133066108
 0.023488200 1875.126458605  1.133228831
 0.023520800 1874.918229821  1.133359569
 0.023553400 1874.777272035  1.133501983
 0.023586000 1874.630347516  1.133632573
 0.023618700 1874.494117183  1.133778124
 0.023651300 1874.310148187  1.133917067
 0.023684000 1874.193088276  1.134068034
 0.023716700 1874.149217025  1.134221920
 0.023749300 1873.932659706  1.134343364
 0.023782000 1873.765971441  1.134486906
 0.023814700 1873.607169533  1.134626653
 0.023847500 1873.510309284  1.134771693
 0.023880200 1873.342135368  1.134902754
 0.023913000 1873.164668695  1.135044130
 0.023945700 1873.015992575  1.135187255
 0.023978500 1872.953507587  1.135338411
 0.024011300 1872.836864947  1.135489096
 0.024044100 1872.658645246  1.135620278
 0.024076900 1872.531858812  1.135762462
 0.024109800 1872.342976096  1.135898118
 0.024142600 1872.239142398  1.136048347
 0.024175500 1872.059526108  1.136183468
 0.024208400 1871.956590311  1.136328031
 0.024241300 1871.853560239  1.136489858
 0.024274200 1871.656748740  1.136623783
 0.024307100 1871.465647536  1.136775125
 0.024340100 1871.343821762  1.136909927
 0.024373000 1871.144561059  1.137043328
 0.024406000 1871.012690228  1.137189331
 0.024439000 1870.880176145  1.137344647
 0.024472000 1870.794956297  1.137479919
 0.024505100 1870.609251234  1.137619925
 0.024538100 1870.576982558  1.137789618
 0.024571100 1870.360238165  1.137924425
 0.024604200 1870.279787332  1.138063143
 0.024637200 1870.083580493  1.138195345
 0.024670300 1870.004755018  1.138349613
 0.024703400 1869.766595794  1.138486884
 0.024736500 1869.735884947  1.138640360
 0.024769600 1869.655797192  1.138800790
 0.024802700 1869.506363074  1.138927113
 0.024835900 1869.267879257  1.139069511
 0.024869000 1869.207624935  1.139215020
 0.024902200 1869.048371215  1.139362045
 0.024935300 1868.955072654  1.139495941
 0.024968500 1868.760193806  1.139634421
 0.025001700 1868.652918926  1.139781519
 0.025034900 1868.503137374  1.139933780
 0.025068100 1868.465531060  1.140085412
 0.025101300 1868.268534119  1.140217497
 0.025134600 1868.180375477  1.140370343
 0.025167800 1867.938012577  1.140498956
 0.025201100 1867.883658211  1.140647428
 0.025234400 1867.707349500  1.140782712
 0.025267600 1867.657454420  1.140935936
 0.025301000 1867.487412622  1.141094257
 0.025334300 1867.378629379  1.141227078
 0.025367600 1867.237809819  1.141376983
 0.025401000 1867.139754249  1.141516428
 0.025434300 1866.936524069  1.141651669
 0.025467700 1866.836130170  1.141796683
 0.025501100 1866.712975312  1.141955365
 0.025534500 1866.619850757  1.142087223
 0.025567900 1866.448573573  1.142230299
 0.025601400 1866.401890625  1.142400552
 0.025634800 1866.207250712  1.142536365
 0.025668300 1866.144336913  1.142679951
 0.025701800 1865.959123396  1.142815323
 0.025735200 1865.895050964  1.142972651
 0.025768800 1865.674903297  1.143109305
 0.025802300 1865.623669761  1.143261565
 0.025835800 1865.551638593  1.143421774
 0.025869400 1865.411691560  1.143551498
 0.025903000 1865.207495241  1.143699789
 0.025936500 1865.100580066  1.143839880
 0.025970100 1865.019388474  1.143987338
 0.026003700 1864.852566848  1.144126024
 0.026037300 1864.771177935  1.144278445
 0.026070900 1864.575679683  1.144421524
 0.026104500 1864.514332327  1.144572496
 0.026138200 1864.414985440  1.144729919
 0.026171800 1864.323690496  1.144870775
 0.026205500 1864.076044705  1.145007774
 0.026239200 1863.996677079  1.145148528
 0.026272800 1863.871240213  1.145305292
 0.026306500 1863.785840495  1.145440613
 0.026340200 1863.615586364  1.145580095
 0.026373900 1863.592301670  1.145754889
 0.026407700 1863.376833234  1.145884234
 0.026441400 1863.316405958  1.146033124
 0.026475200 1863.139553652  1.146166222
 0.026508900 1863.049831760  1.146322614
 0.026542700 1862.866891388  1.146459853
 0.026576500 1862.832255520  1.146609568
 0.026610300 1862.684498134  1.146749170
 0.026644100 1862.624103436  1.146899261
 0.026677900 1862.471218647  1.147053700
 0.026711800 1862.396881322  1.147199861
 0.026745600 1862.212167635  1.147347195
 0.026779500 1862.110655381  1.147485144
 0.026813400 1861.921359430  1.147625406
 0.026847300 1861.831824114  1.147777129
 0.026881200 1861.717402419  1.147933640
 0.026915100 1861.725237428  1.148092640
 0.026949000 1861.493306128  1.148218057
 0.026983000 1861.445328045  1.148388253
 0.027016900 1861.250935277  1.148524183
 0.027050900 1861.193150766  1.148669328
 0.027084900 1861.027529581  1.148809437
 0.027118900 1860.972147938  1.148961054
 0.027153000 1860.740688514  1.149101755
 0.027187000 1860.721121801  1.149258343
 0.027221000 1860.613149950  1.149416229
 0.027255100 1860.528012278  1.149554752
 0.027289200 1860.321150926  1.149694312
 0.027323300 1860.222792131  1.149839238
 0.027357400 1860.097302667  1.149995888
 0.027391500 1860.025471866  1.150134441
 0.027425600 1859.882035923  1.150280297
 0.027459800 1859.888913695  1.150459305
 0.027493900 1859.650969415  1.150587741
 0.027528000 1859.625838256  1.150736987
 0.027562200 1859.440434936  1.150875934
 0.027596400 1859.373673449  1.151028201
 0.027630600 1859.146659185  1.151166893
 0.027664700 1859.137790223  1.151324881
 0.027698900 1858.974237028  1.151461285
 0.027733200 1858.916160555  1.151614746
 0.027767400 1858.729619745  1.151764757
 0.027801600 1858.687029728  1.151914970
 0.027835900 1858.545144742  1.152064929
 0.027870100 1858.466462261  1.152203686
 0.027904400 1858.291504547  1.152347142
 0.027938700 1858.203220633  1.152498861
 0.027973000 1858.068592840  1.152654193
 0.028007300 1858.092070568  1.152812721
 0.028041600 1857.866615998  1.152939769
 0.028075900 1857.813993172  1.153108291
 0.028110300 1857.621159533  1.153244203
 0.028144600 1857.567468667  1.153385305
 0.028179000 1857.398009261  1.153529427
 0.028213400 1857.354573475  1.153684277
 0.028247800 1857.146704868  1.153825894
 0.028282200 1857.116367129  1.153984790
 0.028316600 1857.028518891  1.154145422
 0.028351000 1856.964358863  1.154286828
 0.028385500 1856.764720315  1.154427974
 0.028419900 1856.678394262  1.154576058
 0.028454400 1856.553163565  1.154732828
 0.028488900 1856.475750161  1.154869698
 0.028523400 1856.334204030  1.155015428
 0.028557900 1856.341302647  1.155194496
 0.028592400 1856.110380520  1.155324414
 0.028627000 1856.077654951  1.155474058
 0.028661500 1855.905687120  1.155614312
 0.028696100 1855.845495058  1.155768135
 0.028730700 1855.641435958  1.155907818
 0.028765300 1855.617618046  1.156066220
 0.028799900 1855.471363897  1.156207526
 0.028834500 1855.429104201  1.156360463
 0.028869200 1855.251169371  1.156517360
 0.028903800 1855.203751982  1.156665999
 0.028938500 1855.089931736  1.156814776
 0.028973100 1855.005616917  1.156955661
 0.029007800 1854.832568193  1.157104511
 0.029042500 1854.761755640  1.157255565
 0.029077200 1854.632980549  1.157412604
 0.029111900 1854.646673779  1.157573213
 0.029146600 1854.443869405  1.157701218
 0.029181300 1854.398138407  1.157871336
 0.029216000 1854.217764232  1.158010372
 0.029250800 1854.160772289  1.158155486
 0.029285500 1854.006623747  1.158298846
 0.029320300 1853.963899166  1.158453643
 0.029355000 1853.757554817  1.158595233
 0.029389800 1853.751309876  1.158754935
 0.029424600 1853.649672754  1.158912574
 0.029459400 1853.575531216  1.159056205
 0.029494300 1853.377349946  1.159197255
 0.029529100 1853.308213824  1.159344745
 0.029563900 1853.193843502  1.159498985
 0.029598800 1853.123094840  1.159643151
 0.029633600 1852.977396361  1.159792708
 0.029668500 1852.985934821  1.159971675
 0.029703400 1852.777520941  1.160102660
 0.029738300 1852.752259165  1.160251920
 0.029773200 1852.579547778  1.160394056
 0.029808100 1852.531806608  1.160551052
 0.029843100 1852.334517291  1.160692297
 0.029878000 1852.322727962  1.160850476
 0.029913000 1852.159257823  1.160990431
 0.029948000 1852.123224953  1.161144929
 0.029983000 1851.945512277  1.161296422
 0.030018000 1851.910348182  1.161448179
 0.030053000 1851.763023126  1.161596544
 0.030088000 1851.696074521  1.161738525
 0.030123100 1851.533904487  1.161885147
 0.030158100 1851.470552725  1.162037754
 0.030193200 1851.358231461  1.162197624
 0.030228300 1851.367076884  1.162358591
 0.030263400 1851.160256591  1.162490411
 0.030298500 1851.125831004  1.162658269
 0.030333600 1850.952537392  1.162798903
 0.030368800 1850.904681500  1.162941608
 0.030403900 1850.747553992  1.163088920
 0.030439100 1850.710905425  1.163245336
 0.030474200 1850.511899821  1.163388445
 0.030509400 1850.511443654  1.163549837
 0.030544600 1850.410395690  1.163707389
 0.030579800 1850.364527340  1.163853572
 0.030615000 1850.167130067  1.163994638
 0.030650200 1850.088235746  1.164144267
 0.030685400 1849.976498121  1.164304149
 0.030720600 1849.915376160  1.164445892
 0.030755900 1849.787114171  1.164594775
 0.030791100 1849.795638249  1.164773787
 0.030826400 1849.589925634  1.164910036
 0.030861700 1849.579127435  1.165060686
 0.030897000 1849.413703022  1.165202539
 0.030932200 1849.366365327  1.165359496
 0.030967600 1849.148980629  1.165499692
 0.031002900 1849.159829579  1.165658725
 0.031038200 1849.001892790  1.165800399
 0.031073500 1848.970905379  1.165956582
 0.031108900 1848.806894703  1.166111144
 0.031144200 1848.766281967  1.166261354
 0.031179600 1848.664599074  1.166413316
 0.031215000 1848.585887053  1.166555841
 0.031250400 1848.430704594  1.166704034
 0.031285800 1848.351533295  1.166857214
 0.031321200 1848.230332178  1.167015787
 0.031356600 1848.247788957  1.167172661
 0.031392000 1848.042094966  1.167304393
 0.031427500 1848.013519030  1.167473908
 0.031463000 1847.825424813  1.167615046
 0.031498400 1847.804379313  1.167760497
 0.031533900 1847.642281899  1.167906145
 0.031569400 1847.606640640  1.168062491
 0.031604900 1847.396304928  1.168202437
 0.031640500 1847.401497759  1.168365381
 0.031676000 1847.307791593  1.168524503
 0.031711500 1847.261156975  1.168670773
 0.031747100 1847.077000109  1.168814931
 0.031782700 1846.992883512  1.168962976
 0.031818300 1846.888597521  1.169124259
 0.031853900 1846.842656687  1.169265553
 0.031889500 1846.703353574  1.169416718
 0.031925100 1846.633169550  1.169573162
 0.031960700 1846.530067115  1.169729156
 0.031996400 1846.474756588  1.169872396
 0.032032100 1846.362514170  1.170030450
 0.032067700 1846.319868246  1.170187305
 0.032103400 1846.167500302  1.170337813
 0.032139100 1846.136748097  1.170482186
 0.032174800 1846.030722348  1.170642296
 0.032210500 1845.962280941  1.170787096
 0.032246300 1845.824908772  1.170944207
 0.032282000 1845.758854933  1.171088321
 0.032317700 1845.616834398  1.171238591
 0.032353500 1845.603516186  1.171392276
 0.032389200 1845.427086587  1.171532844
 0.032425000 1845.408225167  1.171702146
 0.032460800 1845.258068523  1.171845361
 0.032496600 1845.233186959  1.171999496
 0.032532400 1845.064941805  1.172139877
 0.032568200 1845.063268903  1.172310076
 0.032604000 1844.918081683  1.172458731
 0.032639800 1844.882230526  1.172605927
 0.032675600 1844.760958804  1.172759264
 0.032711500 1844.709214219  1.172920376
 0.032747300 1844.564104431  1.173068704
 0.032783200 1844.549922565  1.173220959
 0.032819100 1844.362247567  1.173358537
 0.032855000 1844.371577092  1.173530070
 0.032890900 1844.181774363  1.173664876
 0.032926800 1844.133600585  1.173808090
 0.032962700 1843.995223055  1.173961994
 0.032998600 1843.900698414  1.174108421
 0.033034600 1843.814651878  1.174266618
 0.033070500 1843.752182289  1.174412164
 0.033106500 1843.606578368  1.174566219
 0.033142500 1843.556610856  1.174716541
 0.033178500 1843.413504046  1.174869642
 0.033214500 1843.400687989  1.175024260
 0.033250500 1843.250233968  1.175179864
 0.033286500 1843.220673205  1.175331471
 0.033322500 1843.101271460  1.175481894
 0.033358600 1843.047567579  1.175636307
 0.033394600 1842.909533166  1.175793336
 0.033430700 1842.849495412  1.175936470
 0.033466800 1842.778601877  1.176096494
 0.033502900 1842.698686985  1.176244650
 0.033539000 1842.511818148  1.176390746
 0.033575100 1842.489164784  1.176539382
 0.033611200 1842.346637230  1.176686084
 0.033647400 1842.364584614  1.176857699
 0.033683500 1842.163219517  1.176997229
 0.033719700 1842.161124872  1.177152407
 0.033755900 1842.000880414  1.177294292
 0.033792100 1841.995895294  1.177464723
 0.033828300 1841.851767101  1.177613122
 0.033864500 1841.818923058  1.177765914
 0.033900700 1841.701347610  1.177915348
 0.033937000 1841.644197531  1.178074777
 0.033973200 1841.538819192  1.178228953
 0.034009500 1841.509172012  1.178381778
 0.034045700 1841.355155207  1.178523536
 0.034082000 1841.342804215  1.178694080
 0.034118300 1841.180999057  1.178831511
 0.034154500 1841.123563543  1.178976851
 0.034190800 1841.018632518  1.179135026
 0.034227100 1840.930627755  1.179282946
 0.034263400 1840.848552630  1.179440942
 0.034299800 1840.797506377  1.179587788
 0.034336100 1840.680907043  1.179744297
 0.034372400 1840.639123736  1.179896322
 0.034408800 1840.542161033  1.180046004
 0.034445100 1840.502500886  1.180198264
 0.034481500 1840.371907898  1.180355201
 0.034517900 1840.278631590  1.180506492
 0.034554300 1840.179991884  1.180654621
 0.034590700 1840.134179103  1.180808817
 0.034627100 1840.030870204  1.180964705
 0.034663500 1839.964081742  1.181107823
 0.034699900 1839.890469889  1.181271572
 0.034736400 1839.828758185  1.181413203
 0.034772800 1839.714426366  1.181550958
 0.034809300 1839.677662647  1.181698847
 0.034845800 1839.518789621  1.181846971
 0.034882200 1839.513301881  1.182015327
 0.034918700 1839.362505653  1.182158267
 0.034955200 1839.366728595  1.182313294
 0.034991800 1839.227201479  1.182460373
 0.035028300 1839.181081991  1.182625764
 0.035064800 1839.064376317  1.182771810
 0.035101400 1839.058438706  1.182927423
 0.035137900 1838.939200743  1.183079233
 0.035174500 1838.888235959  1.183230076
 0.035211100 1838.796354037  1.183387514
 0.035247700 1838.768456946  1.183542062
 0.035284300 1838.605319489  1.183680618
 0.035320900 1838.595977453  1.183849505
 0.035357500 1838.503245462  1.183997319
 0.035394200 1838.379134633  1.184146895
 0.035430800 1838.250754619  1.184304987
 0.035467500 1838.141398826  1.184439588
 0.035504100 1838.131174475  1.184604656
 0.035540800 1838.034928788  1.184754287
 0.035577500 1838.012141431  1.184912624
 0.035614200 1837.847391817  1.185056847
 0.035651000 1837.777809973  1.185216636
 0.035687700 1837.747995148  1.185364795
 0.035724400 1837.679113921  1.185530787
 0.035761200 1837.599299362  1.185676536
 0.035797900 1837.525428825  1.185832314
 0.035834700 1837.412398681  1.185981209
 0.035871500 1837.435034950  1.186136972
 0.035908300 1837.315734974  1.186295323
 0.035945100 1837.253604696  1.186459444
 0.035981900 1837.030342839  1.186590622
 0.036018700 1836.962946821  1.186741373
 0.036055500 1836.951010718  1.186903933
 0.036092300 1836.868285898  1.187047392
 0.036129200 1836.793826067  1.187209119
 0.036166000 1836.652457889  1.187348241
 0.036202900 1836.654877835  1.187506250
 0.036239700 1836.561319511  1.187657414
 0.036276600 1836.457281042  1.187811064
 0.036313500 1836.349973675  1.187965853
 0.036350400 1836.258347070  1.188119287
 0.036387300 1836.231242043  1.188265756
 0.036424200 1836.177049894  1.188427885
 0.036461100 1836.023458570  1.188572144
 0.036498100 1835.944883623  1.188733585
 0.036535000 1835.814351557  1.188875733
 0.036571900 1835.846202000  1.189032935
 0.036608900 1835.744913823  1.189188782
 0.036645900 1835.604466124  1.189329895
 0.036682900 1835.534949480  1.189477331
 0.036719800 1835.450681071  1.189626079
 0.036756800 1835.412007955  1.189786162
 0.036793900 1835.334172992  1.189942540
 0.036830900 1835.239036224  1.190094066
 0.036867900 1835.116620811  1.190232731
 0.036904900 1835.105521460  1.190401383
 0.036942000 1835.024793566  1.190551502
 0.036979100 1834.936289324  1.190706290
 0.037016100 1834.842863828  1.190864098
 0.037053200 1834.783827367  1.191015954
 0.037090300 1834.719335627  1.191167949
 0.037127400 1834.638049791  1.191322833
 0.037164500 1834.544789918  1.191474775
 0.037201700 1834.504694379  1.191639882
 0.037238800 1834.364034300  1.191776913
 0.037275900 1834.314646081  1.191927743
 0.037313100 1834.289334366  1.192089609
 0.037350300 1834.128446393  1.192230869
 0.037387400 1834.087034713  1.192392734
 0.037424600 1833.972993329  1.192541351
 0.037461800 1833.933263997  1.192703628
 0.037499000 1833.786840428  1.192844589
 0.037536300 1833.813130709  1.193013628
 0.037573500 1833.723705831  1.193160463
 0.037610800 1833.629961637  1.193315550
 0.037648000 1833.541788010  1.193473162
 0.037685300 1833.488423502  1.193626476
 0.037722600 1833.362576830  1.193780146
 0.037759900 1833.347942875  1.193934662
 0.037797100 1833.271859965  1.194084566
 0.037834500 1833.239937835  1.194249684
 0.037871800 1833.068958132  1.194384346
 0.037909100 1832.979200904  1.194539585
 0.037946400 1832.914803361  1.194698910
 0.037983800 1832.782615780  1.194838914
 0.038021100 1832.768121584  1.194998486
 0.038058500 1832.681633043  1.195144637
 0.038095800 1832.611585449  1.195301069
 0.038133200 1832.471621709  1.195441868
 0.038170600 1832.416325195  1.195609556
 0.038208000 1832.332902660  1.195757642
 0.038245300 1832.227147851  1.195911169
 0.038282800 1832.209633557  1.196068619
 0.038320200 1832.130990434  1.196217770
 0.038357600 1832.023179687  1.196369242
 0.038395000 1831.937149776  1.196524213
 0.038432500 1831.859622263  1.196675559
 0.038469900 1831.800790889  1.196835916
 0.038507400 1831.660360227  1.196972960
 0.038544800 1831.611250677  1.197123767
 0.038582300 1831.559960940  1.197282569
 0.038619800 1831.419279945  1.197425308
 0.038657300 1831.378353103  1.197587156
 0.038694800 1831.255232907  1.197737899
 0.038732300 1831.225090474  1.197898041
 0.038769900 1831.073517128  1.198037389
 0.038807400 1831.094605326  1.198204799
 0.038844900 1831.004750675  1.198351615
 0.038882500 1830.911346320  1.198506747
 0.038920100 1830.818165157  1.198662734
 0.038957600 1830.771050721  1.198817617
 0.038995200 1830.661087516  1.198970732
 0.039032800 1830.630840194  1.199125827
 0.039070400 1830.555851767  1.199275684
 0.039108000 1830.545110932  1.199441852
 0.039145700 1830.364370272  1.199578701
 0.039183300 1830.297327168  1.199734914
 0.039220900 1830.223096303  1.199890594
 0.039258600 1830.106960299  1.200035853
 0.039296200 1830.092808702  1.200195420
 0.039333900 1830.018866800  1.200344720
 0.039371600 1829.959873698  1.200504387
 0.039409300 1829.837876473  1.200649973
 0.039447000 1829.783686066  1.200817617
 0.039484700 1829.727453858  1.200968305
 0.039522500 1829.606236787  1.201122453
 0.039560200 1829.605169110  1.201279304
 0.039597900 1829.538605222  1.201431625
 0.039635700 1829.436368215  1.201584727
 0.039673500 1829.350863825  1.201739694
 0.039711200 1829.280567688  1.201892579
 0.039749000 1829.232613694  1.202056174
 0.039786800 1829.086902638  1.202191618
 0.039824700 1829.038425980  1.202342400
 0.039862500 1828.997263046  1.202499016
 0.039900300 1828.862611571  1.202643362
 0.039938100 1828.800590611  1.202804184
 0.039976000 1828.688561084  1.202952708
 0.040013800 1828.657962871  1.203112873
 0.040051700 1828.507086346  1.203252214
 0.040089600 1828.523137950  1.203417992
 0.040127500 1828.432804270  1.203564826
 0.040165300 1828.349933247  1.203717784
 0.040203200 1828.257402411  1.203873751
 0.040241100 1828.189129927  1.204027590
 0.040279000 1828.067583949  1.204177523
 0.040317000 1828.031879122  1.204331019
 0.040354900 1827.957973557  1.204480826
 0.040392800 1827.940622615  1.204645426
 0.040430800 1827.776557988  1.204781690
 0.040468700 1827.678582564  1.204935516
 0.040506700 1827.616559860  1.205090823
 0.040544600 1827.472173914  1.205233537
 0.040582600 1827.450932890  1.205391454
 0.040620600 1827.340624446  1.205543680
 0.040658600 1827.290395496  1.205702824
 0.040696600 1827.143809199  1.205843741
 0.040734600 1827.149710700  1.206009711
 0.040772600 1827.084766352  1.206160838
 0.040810700 1826.961787034  1.206315047
 0.040848700 1826.931423358  1.206471054
 0.040886700 1826.869614289  1.206622992
 0.040924800 1826.763053290  1.206777837
 0.040962900 1826.691734875  1.206930640
 0.041000900 1826.640777835  1.207083125
 0.041039000 1826.578930347  1.207243698
 0.041077100 1826.442636341  1.207382425
 0.041115200 1826.390770259  1.207536796
 0.041153300 1826.338478679  1.207693585
 0.041191500 1826.200081572  1.207837895
 0.041229600 1826.183708602  1.207997398
 0.041267700 1826.098071076  1.208150539
 0.041305900 1826.058069954  1.208309264
 0.041344000 1825.914632959  1.208453779
 0.041382200 1825.905890771  1.208620297
 0.041420400 1825.827702963  1.208768281
 0.041458600 1825.732184072  1.208925117
 0.041496800 1825.700693799  1.209081112
 0.041535000 1825.641268246  1.209232960
 0.041573200 1825.519247744  1.209388377
 0.041611400 1825.478441859  1.209542011
 0.041649700 1825.413581634  1.209693111
 0.041687900 1825.362837891  1.209856883
 0.041726200 1825.214092993  1.209992438
 0.041764400 1825.168418865  1.210148362
 0.041802700 1825.110942639  1.210303527
 0.041841000 1824.973886868  1.210447808
 0.041879300 1824.953952309  1.210605686
 0.041917600 1824.854888400  1.210755686
 0.041955900 1824.813734676  1.210914441
 0.041994300 1824.664753000  1.211057333
 0.042032600 1824.665771771  1.211221664
 0.042071000 1824.578717131  1.211371783
 0.042109300 1824.472396412  1.211525403
 0.042147700 1824.436700035  1.211679796
 0.042186100 1824.369523397  1.211830110
 0.042224400 1824.257481646  1.211983350
 0.042262800 1824.192346615  1.212137752
 0.042301200 1824.124883391  1.212285404
 0.042339600 1824.079820757  1.212450787
 0.042378000 1823.921118904  1.212583109
 0.042416500 1823.909036282  1.212743244
 0.042454900 1823.852627225  1.212903870
 0.042493300 1823.696774449  1.213043334
 0.042531800 1823.633977403  1.213190082
 0.042570200 1823.585193039  1.213352703
 0.042608700 1823.482659319  1.213493800
 0.042647100 1823.374473449  1.213646062
 0.042685600 1823.354567708  1.213805837
 0.042724100 1823.257644357  1.213949170
 0.042762600 1823.161665858  1.214109656
 0.042801100 1823.098990753  1.214252463
 0.042839600 1823.056315048  1.214414973
 0.042878100 1822.947142252  1.214563388
 0.042916600 1822.899252805  1.214717361
 0.042955200 1822.836108558  1.214871417
 0.042993700 1822.768263834  1.215031484
 0.043032200 1822.669942600  1.215179302
 0.043070800 1822.644612812  1.215338977
 0.043109400 1822.538472512  1.215485840
 0.043147900 1822.472801630  1.215639698
 0.043186500 1822.388235064  1.215787768
 0.043225100 1822.344430485  1.215946541
 0.043263700 1822.249157236  1.216096091
 0.043302300 1822.183615573  1.216246507
 0.043340900 1822.152702903  1.216399481
 0.043379600 1822.097374015  1.216557174
 0.043418200 1822.019191432  1.216704961
 0.043456800 1821.941377596  1.216863581
 0.043495500 1821.877891562  1.217020871
 0.043534100 1821.762128441  1.217168518
 0.043572800 1821.721697612  1.217324293
 0.043611500 1821.665616749  1.217473134
 0.043650200 1821.586712842  1.217628374
 0.043688900 1821.556205909  1.217789956
 0.043727600 1821.409151810  1.217926820
 0.043766300 1821.316534038  1.218080875
 0.043805000 1821.265046409  1.218239524
 0.043843800 1821.128264203  1.218383036
 0.043882500 1821.132709269  1.218542495
 0.043921300 1821.018238230  1.218690149
 0.043960000 1820.982298144  1.218853467
 0.043998800 1820.852863751  1.218989757
 0.044037600 1820.843307042  1.219155753
 0.044076400 1820.747618747  1.219307325
 0.044115200 1820.701457968  1.219460681
 0.044154000 1820.643833239  1.219609794
 0.044192800 1820.585672747  1.219767256
 0.044231600 1820.521964297  1.219920013
 0.044270500 1820.412309180  1.220070282
 0.044309300 1820.341033793  1.220223892
 0.044348200 1820.277361062  1.220386794
 0.044387100 1820.163431477  1.220527046
 0.044426000 1820.059143322  1.220666915
 0.044464900 1820.029693710  1.220829632
 0.044503800 1819.907155528  1.220973927
 0.044542700 1819.824331585  1.221127096
 0.044581600 1819.784808160  1.221279444
 0.044620500 1819.709677651  1.221435273
 0.044659400 1819.594048853  1.221580224
 0.044698300 1819.549345164  1.221737359
 0.044737300 1819.488959728  1.221891576
 0.044776200 1819.395142306  1.222035614
 0.044815200 1819.279610570  1.222191820
 0.044854100 1819.264128396  1.222346202
 0.044893100 1819.173695279  1.222490822
 0.044932100 1819.068432813  1.222647862
 0.044971100 1819.032146415  1.222797125
 0.045010100 1818.935631456  1.222945042
 0.045049100 1818.879628806  1.223106624
 0.045088100 1818.798730869  1.223249293
 0.045127100 1818.765929288  1.223414517
 0.045166100 1818.667632009  1.223561597
 0.045205100 1818.574416901  1.223703117
 0.045244200 1818.548024896  1.223868860
 0.045283200 1818.470661804  1.224023778
 0.045322300 1818.374507067  1.224167820
 0.045361300 1818.306316256  1.224316862
 0.045400400 1818.258500571  1.224480097
 0.045439500 1818.170417684  1.224624170
 0.045478600 1818.073824331  1.224779965
 0.045517700 1818.061479557  1.224932924
 0.045556800 1817.966774774  1.225091126
 0.045595900 1817.895186569  1.225239086
 0.045635000 1817.828883172  1.225385218
 0.045674100 1817.775504438  1.225544540
 0.045713200 1817.667010892  1.225698804
 0.045752400 1817.623943419  1.225853507
 0.045791500 1817.551173103  1.225995428
 0.045830700 1817.492395673  1.226157340
 0.045869900 1817.393093483  1.226307274
 0.045909000 1817.311011991  1.226455232
 0.045948200 1817.219527259  1.226594744
 0.045987400 1817.180658528  1.226758400
 0.046026600 1817.055266915  1.226917710
 0.046065800 1816.963997375  1.227063243
 0.046105000 1816.865274222  1.227220490
 0.046144300 1816.792355311  1.227385871
 0.046183500 1816.645202231  1.227543325
 0.046222700 1816.588237692  1.227691825
 0.046262000 1816.468244498  1.227843526
 0.046301300 1816.362725241  1.227987330
 0.046340500 1816.260296657  1.228148329
 0.046379800 1816.257075777  1.228300664
 0.046419100 1816.168316647  1.228453693
 0.046458400 1816.093777588  1.228608244
 0.046497700 1816.038952577  1.228760561
 0.046537000 1816.030101673  1.228925658
 0.046576400 1815.870622499  1.229063182
 0.046615700 1815.785341331  1.229209168
 0.046655100 1815.732312039  1.229358003
 0.046694400 1815.613576847  1.229501108
 0.046733800 1815.573293574  1.229665567
 0.046773200 1815.502807597  1.229815121
 0.046812600 1815.454471526  1.229969271
 0.046852000 1815.334549072  1.230120345
 0.046891400 1815.304912259  1.230280626
 0.046930800 1815.215061037  1.230419742
 0.046970200 1815.192415093  1.230579757
 0.047009600 1815.031591929  1.230721334
 0.047049100 1814.987193894  1.230865933
 0.047088500 1814.887737358  1.231019650
 0.047127900 1814.823732510  1.231172326
 0.047167400 1814.753857869  1.231325376
 0.047206900 1814.711761608  1.231477613
 0.047246300 1814.610644144  1.231633259
 0.047285800 1814.534556369  1.231780528
 0.047325300 1814.499134333  1.231930475
 0.047364800 1814.391167910  1.232079370
 0.047404300 1814.277452517  1.232226288
 0.047443800 1814.243733970  1.232373970
 0.047483300 1814.179693236  1.232532201
 0.047522800 1814.110900095  1.232688678
 0.047562300 1814.012263013  1.232842620
 0.047601800 1813.995748698  1.232997514
 0.047641400 1813.917455781  1.233154164
 0.047680900 1813.819877480  1.233292995
 0.047720500 1813.751636950  1.233440930
 0.047760000 1813.684174778  1.233589924
 0.047799600 1813.556722206  1.233738582
 0.047839200 1813.564279478  1.233899890
 0.047878800 1813.458138990  1.234050628
 0.047918400 1813.406111818  1.234206496
 0.047957900 1813.302124308  1.234358719
 0.047997600 1813.319085263  1.234517792
 0.048037200 1813.186358605  1.234656158
 0.048076800 1813.143686005  1.234820706
 0.048116400 1813.044924179  1.234954990
 0.048156000 1812.975097273  1.235105520
 0.048195700 1812.879800589  1.235258939
 0.048235300 1812.853767130  1.235412359
 0.048275000 1812.771225548  1.235567743
 0.048314700 1812.718303957  1.235723563
 0.048354300 1812.633319329  1.235880511
 0.048394000 1812.601892671  1.236024600
 0.048433700 1812.520781239  1.236181519
 0.048473400 1812.416398390  1.236322754
 0.048513100 1812.345195879  1.236468583
 0.048552800 1812.288438082  1.236622207
 0.048592600 1812.197755202  1.236777639
 0.048632300 1812.165244479  1.236931218
 0.048672000 1812.084535418  1.237084769
 0.048711800 1812.043910855  1.237243770
 0.048751500 1811.967129160  1.237401878
 0.048791300 1811.926977288  1.237540987
 0.048831100 1811.796012019  1.237690816
 0.048870900 1811.718806753  1.237836239
 0.048910700 1811.653458531  1.237983329
 0.048950500 1811.608327691  1.238146258
 0.048990300 1811.490525533  1.238293643
 0.049030100 1811.439482957  1.238447645
 0.049069900 1811.376523061  1.238595292
 0.049109800 1811.348427116  1.238757238
 0.049149600 1811.196492375  1.238900064
 0.049189500 1811.229489833  1.239060264
 0.049229300 1811.065646827  1.239192912
 0.049269200 1810.982210270  1.239338212
 0.049309100 1810.926497049  1.239494558
 0.049349000 1810.874634207  1.239645105
 0.049388900 1810.765339523  1.239799447
 0.049428800 1810.708728725  1.239951721
 0.049468700 1810.663787650  1.240104169
 0.049508700 1810.589301618  1.240253072
 0.049548600 1810.493732662  1.240406714
 0.049588500 1810.438937154  1.240548357
 0.049628500 1810.305841651  1.240688658
 0.049668400 1810.250416912  1.240842400
 0.049708400 1810.202383050  1.240996632
 0.049748400 1810.143816339  1.241149262
 0.049788300 1810.045420832  1.241301433
 0.049828300 1809.983083881  1.241457498
 0.049868300 1809.956001018  1.241612469
 0.049908300 1809.827755029  1.241751022
 0.049948300 1809.761586338  1.241903452
 0.049988300 1809.675497649  1.242044396
 0.050028300 1809.593028063  1.242191701
 0.050068300 1809.534506868  1.242356814
 0.050108400 1809.495860909  1.242505428
 0.050148400 1809.427315688  1.242658347
 0.050188400 1809.337853166  1.242810140
 0.050228500 1809.286526386  1.242969181
 0.050268500 1809.221494133  1.243109204
 0.050308600 1809.163554592  1.243270700
 0.050348600 1809.043275203  1.243407071
 0.050388700 1808.972507587  1.243548747
 0.050428800 1808.901133626  1.243705361
 0.050468900 1808.823692755  1.243858518
 0.050509000 1808.759203361  1.244011310
 0.050549100 1808.703917637  1.244163947
 0.050589200 1808.646510151  1.244319777
 0.050629300 1808.531184338  1.244461135
 0.050669400 1808.523266274  1.244617645
 0.050709500 1808.421020381  1.244758871
 0.050749700 1808.307701237  1.244907239
 0.050789800 1808.274694533  1.245057054
 0.050830000 1808.216701529  1.245213220
 0.050870100 1808.124500202  1.245368682
 0.050910300 1808.099608015  1.245522168
 0.050950500 1808.038015447  1.245674662
 0.050990700 1807.987402682  1.245835589
 0.051030900 1807.859254906  1.245973970
 0.051071100 1807.825953217  1.246122214
 0.051111300 1807.726271333  1.246270404
 0.051151500 1807.630392266  1.246416360
 0.051191700 1807.618655588  1.246576640
 0.051231900 1807.533330257  1.246728327
 0.051272200 1807.458017478  1.246881424
 0.051312400 1807.399758977  1.247030263
 0.051352700 1807.364889385  1.247187367
 0.051392900 1807.259530511  1.247330420
 0.051433200 1807.201901112  1.247489766
 0.051473500 1807.106969282  1.247622171
 0.051513800 1807.006953265  1.247766344
 0.051554000 1806.935108554  1.247922828
 0.051594300 1806.883467144  1.248073635
 0.051634700 1806.817909565  1.248226530
 0.051675000 1806.730327990  1.248378144
 0.051715300 1806.688017853  1.248535638
 0.051755700 1806.607309995  1.248679750
 0.051796000 1806.513039949  1.248827837
 0.051836400 1806.410624208  1.248974481
 0.051876700 1806.304975868  1.249115865
 0.051917100 1806.242587041  1.249266153
 0.051957500 1806.160349600  1.249423259
 0.051997900 1806.128829819  1.249573185
 0.052038300 1806.010641380  1.249722501
 0.052078700 1805.968094308  1.249881371
 0.052119100 1805.901026266  1.250034050
 0.052159600 1805.838854571  1.250170338
 0.052200000 1805.709876551  1.250323545
 0.052240400 1805.701771820  1.250475830
 0.052280900 1805.631698491  1.250620579
 0.052321300 1805.558377422  1.250758871
 0.052361800 1805.511155203  1.250914618
 0.052402300 1805.503790802  1.251063927
 0.052442700 1805.476201921  1.251214685
 0.052483200 1805.431913978  1.251352309
 0.052523700 1805.342646552  1.251497398
 0.052564200 1805.252697536  1.251652585
 0.052604700 1805.228593466  1.251802561
 0.052645200 1805.223415228  1.251966580
 0.052685700 1805.071812531  1.252105821
 0.052726200 1805.066345204  1.252260421
 0.052766700 1804.967137085  1.252401885
 0.052807200 1804.921614785  1.252552186
 0.052847800 1804.830788176  1.252695307
 0.052888300 1804.863334672  1.252872921
 0.052928800 1804.744384582  1.253010103
 0.052969400 1804.565254755  1.253151668
 0.053009900 1804.496261947  1.253312314
 0.053050500 1804.455741912  1.253479193
 0.053091100 1804.285870611  1.253612620
 0.053131700 1804.215001541  1.253758293
 0.053172200 1804.148632514  1.253922541
 0.053212800 1804.099272662  1.254069205
 0.053253400 1803.975663101  1.254202673
 0.053294000 1803.994861173  1.254358286
 0.053334600 1803.917036488  1.254513227
 0.053375300 1803.882269454  1.254669663
 0.053415900 1803.804510361  1.254799582
 0.053456500 1803.740974519  1.254946872
 0.053497100 1803.705088550  1.255112788
 0.053537800 1803.630497043  1.255256445
 0.053578400 1803.594948374  1.255408742
 0.053619100 1803.481476705  1.255541815
 0.053659800 1803.407944526  1.255702059
 0.053700400 1803.308277401  1.255842452
 0.053741100 1803.220654489  1.255996787
 0.053781800 1803.089931275  1.256141069
 0.053822500 1803.135330311  1.256324152
 0.053863200 1802.995853065  1.256461557
 0.053903900 1802.914869313  1.256600725
 0.053944600 1802.781781417  1.256748530
 0.053985400 1802.739025740  1.256897704
 0.054026100 1802.662537977  1.257056043
 0.054066800 1802.649793676  1.257204470
 0.054107600 1802.544552090  1.257348896
 0.054148300 1802.503363924  1.257501879
 0.054189100 1802.355690986  1.257631717
 0.054229900 1802.355046753  1.257785456
 0.054270700 1802.261039618  1.257941962
 0.054311400 1802.230369663  1.258103399
 0.054352200 1802.027971335  1.258235192
 0.054393000 1802.015037735  1.258395243
 0.054433900 1801.949526334  1.258536227
 0.054474700 1801.889175852  1.258682604
 0.054515500 1801.844592872  1.258816669
 0.054556400 1801.908063892  1.258993041
 0.054597200 1801.754579210  1.259126201
 0.054638100 1801.728513755  1.259261876
 0.054678900 1801.591330471  1.259408208
 0.054719800 1801.577487828  1.259570145
 0.054760700 1801.437112388  1.259713117
 0.054801600 1801.393397587  1.259865902
 0.054842500 1801.302134692  1.260026491
 0.054883400 1801.206023104  1.260170396
 0.054924300 1801.109210882  1.260313015
 0.054965300 1801.080427026  1.260460264
 0.055006200 1801.010598895  1.260608409
 0.055047100 1800.993211993  1.260764752
 0.055088100 1800.912384466  1.260899789
 0.055129000 1800.855736603  1.261040476
 0.055170000 1800.797495386  1.261200102
 0.055210900 1800.729998983  1.261351272
 0.055251900 1800.606614823  1.261492254
 0.055292900 1800.551505481  1.261633811
 0.055333800 1800.501426726  1.261802535
 0.055374800 1800.375434656  1.261952191
 0.055415800 1800.261380250  1.262097376
 0.055456800 1800.175619144  1.262252918
 0.055497800 1800.124454521  1.262406886
 0.055538800 1800.117933219  1.262560501
 0.055579800 1800.011870938  1.262707236
 0.055620800 1799.906024722  1.262843547
 0.055661800 1799.815843944  1.262997925
 0.055702900 1799.699853699  1.263144366
 0.055743900 1799.686336889  1.263298643
 0.055784900 1799.603815344  1.263448020
 0.055826000 1799.574522176  1.263592894
 0.055867000 1799.519365047  1.263734984
 0.055908100 1799.445006355  1.263880791
 0.055949200 1799.314710465  1.264020322
 0.055990200 1799.204481176  1.264165912
 0.056031300 1799.138784288  1.264319812
 0.056072400 1799.046592275  1.264481387
 0.056113500 1798.929783750  1.264628002
 0.056154600 1798.862465924  1.264779668
 0.056195700 1798.762273623  1.264922154
 0.056236800 1798.710721179  1.265063744
 0.056277900 1798.640898415  1.265222572
 0.056319000 1798.624343260  1.265371492
 0.056360200 1798.501967739  1.265518763
 0.056401300 1798.482711078  1.265664308
 0.056442400 1798.375832930  1.265809080
 0.056483600 1798.304032413  1.265950025
 0.056524700 1798.247372174  1.266106210
 0.056565900 1798.161432438  1.266259268
 0.056607100 1798.032195027  1.266405250
 0.056648300 1798.005556510  1.266556319
 0.056689400 1797.813596442  1.266695054
 0.056730600 1797.799192107  1.266840789
 0.056771800 1797.689966922  1.266997039
 0.056813000 1797.675641418  1.267145876
 0.056854200 1797.540725415  1.267292086
 0.056895500 1797.525277766  1.267444391
 0.056936700 1797.378208231  1.267579959
 0.056977900 1797.353657967  1.267724347
