 0.000000005 404878.545905876 125.711252718
 0.000000022 69889.020623284 19.559611352
 0.000000079 32425.104596299  8.002443875
 0.000000274 21070.998380383  5.105690461
 0.000000933 14366.212180989  3.754584502
 0.000003150 9978.965833982  2.862866203
 0.000006683 7987.020354960  2.425917899
 0.000010279 6869.005386358  2.154297067
 0.000013939 6129.165180232  1.969771404
 0.000017663 5587.866216174  1.832415277
 0.000021452 5219.346003329  1.741297136
 0.000025304 4937.485515352  1.671401141
 0.000029219 4715.913334877  1.616867792
 0.000033200 4536.304677735  1.573010288
 0.000037245 4401.331018102  1.541408825
 0.000041357 4290.418042082  1.515929666
 0.000045535 4195.134161184  1.494243919
 0.000049779 4113.382254329  1.475869547
 0.000054091 4038.812796439  1.459043071
 0.000058470 3969.799145229  1.443337303
 0.000062919 3910.626017160  1.430207811
 0.000067438 3852.783770482  1.417051180
 0.000072029 3802.819648351  1.406020781
 0.000076694 3752.783896422  1.394621835
 0.000081437 3706.133792695  1.384018658
 0.000086258 3662.191019842  1.374027761
 0.000091162 3622.059565977  1.365040535
 0.000096151 3584.564908257  1.356636437
 0.000101230 3553.410697906  1.350118954
 0.000106402 3518.882081077  1.342369632
 0.000111671 3480.334023854  1.333184458
 0.000117041 3448.451970844  1.326015712
 0.000122519 3419.770510707  1.319755828
 0.000128108 3392.794369738  1.314031151
 0.000133816 3359.948306989  1.306211960
 0.000139649 3332.779941795  1.300165815
 0.000145616 3312.123373658  1.296063455
 0.000151672 3281.771133157  1.288909190
 0.000157779 3258.060836726  1.283720209
 0.000163936 3233.444722195  1.278145615
 0.000170146 3209.672886415  1.272769287
 0.000176411 3193.175116435  1.269650271
 0.000182732 3163.644258618  1.262183521
 0.000189114 3140.900749005  1.256701614
 0.000195559 3119.990567404  1.251674585
 0.000202071 3098.517738319  1.246446504
 0.000208652 3089.235607407  1.245135677
 0.000215307 3054.308239027  1.236080560
 0.000222038 3032.526948486  1.231069399
 0.000228850 3010.187634233  1.225837744
 0.000235745 2988.821893986  1.220810326
 0.000242729 2967.976456086  1.215875597
 0.000249806 2947.007306771  1.210841733
 0.000256981 2926.120539903  1.205788791
 0.000264261 2905.639462208  1.200843609
 0.000271650 2885.163421729  1.195872336
 0.000279153 2864.767285911  1.190926970
 0.000286723 2844.810546850  1.186083102
 0.000294343 2825.486707093  1.181374980
 0.000302015 2806.316696241  1.176711126
 0.000309738 2787.463842524  1.172092483
 0.000317515 2769.073228365  1.167580888
 0.000325348 2751.241784030  1.163182784
 0.000333241 2733.909303409  1.158888684
 0.000341196 2716.920246466  1.154741930
 0.000349216 2700.431867719  1.150715544
 0.000357305 2684.384887101  1.146792422
 0.000365466 2668.986506353  1.143034832
 0.000373702 2654.095105000  1.139412777
 0.000382017 2641.915946116  1.136615278
 0.000390414 2626.018488133  1.132639615
 0.000398898 2614.159932260  1.129865817
 0.000407472 2598.941562691  1.126028513
 0.000416141 2586.491294124  1.123067273
 0.000424904 2574.569929540  1.120256037
 0.000433728 2562.581952313  1.117339025
 0.000442607 2553.057531500  1.115220532
 0.000451540 2540.927577926  1.112271092
 0.000460527 2534.176190842  1.111027515
 0.000469569 2520.685040645  1.107591320
 0.000478666 2510.374205334  1.105148365
 0.000487820 2502.318431460  1.103429891
 0.000497033 2490.970539960  1.100607223
 0.000506307 2485.779901650  1.099718456
 0.000515646 2474.489154644  1.096881193
 0.000525052 2464.318328946  1.094393869
 0.000534527 2459.150525130  1.093478495
 0.000544076 2447.161008282  1.090372540
 0.000553700 2438.895616447  1.088450608
 0.000563405 2430.787257494  1.086567800
 0.000573191 2422.889576197  1.084720167
 0.000583040 2415.378506497  1.083004361
 0.000592946 2407.460021306  1.081146061
 0.000602910 2401.335244110  1.079842694
 0.000612931 2392.616934747  1.077711509
 0.000623010 2384.881166385  1.075888047
 0.000633145 2380.465707867  1.075135227
 0.000643337 2370.010313307  1.072413440
 0.000653586 2361.988380801  1.070473733
 0.000663893 2355.656927480  1.069054525
 0.000674260 2347.693607829  1.067161040
 0.000684690 2338.715156362  1.064864903
 0.000695185 2333.587081959  1.063816169
 0.000705748 2324.588764279  1.061511754
 0.000716375 2315.956823568  1.059329358
 0.000727056 2310.946607423  1.058326876
 0.000737792 2303.678213915  1.056548632
 0.000748585 2294.327483234  1.054117640
 0.000759437 2287.075054396  1.052345928
 0.000770347 2279.744004955  1.050577423
 0.000781317 2273.092559931  1.048952808
 0.000792347 2268.705185870  1.048082034
 0.000803439 2259.877463371  1.045789060
 0.000814590 2253.450097076  1.044248963
 0.000825801 2247.632312019  1.042873324
 0.000837068 2241.258859814  1.041358745
 0.000848383 2236.373124543  1.040294820
 0.000859746 2229.476740383  1.038596475
 0.000871159 2225.620076985  1.037861473
 0.000882624 2218.204478743  1.035984045
 0.000894142 2212.100385229  1.034514945
 0.000905715 2207.704065829  1.033590872
 0.000917346 2200.884088345  1.031898113
 0.000929035 2197.408779322  1.031254902
 0.000940785 2190.079987386  1.029386810
 0.000952596 2184.423605914  1.028053547
 0.000964469 2179.751089753  1.027037016
 0.000976397 2173.390507394  1.025453850
 0.000988368 2169.692160704  1.024754649
 0.001000380 2162.610700509  1.022947766
 0.001012450 2157.290727778  1.021682264
 0.001024560 2152.051607069  1.020482638
 0.001036720 2146.458179665  1.019147359
 0.001048930 2141.820705933  1.018126629
 0.001061190 2135.589050471  1.016581527
 0.001073500 2131.591795010  1.015759214
 0.001085880 2124.940717304  1.014085158
 0.001098300 2119.335262144  1.012742900
 0.001110790 2115.116609198  1.011841045
 0.001123340 2109.075830904  1.010356652
 0.001135950 2105.513907584  1.009674838
 0.001148600 2099.168392973  1.008096620
 0.001161290 2094.168007984  1.006921798
 0.001174030 2090.052191886  1.006044365
 0.001186810 2084.484113557  1.004708367
 0.001199640 2081.183808026  1.004101617
 0.001212520 2075.249497380  1.002623415
 0.001225440 2070.749280673  1.001615194
 0.001238420 2066.545489610  1.000708615
 0.001251450 2061.932105516  0.999673939
 0.001264530 2058.352920176  0.998938053
 0.001277670 2053.562662129  0.997839255
 0.001290860 2049.188917056  0.996866230
 0.001304110 2046.314490879  0.996352227
 0.001317420 2041.665344605  0.995282757
 0.001330770 2036.920706326  0.994191081
 0.001344160 2032.877545332  0.993320191
 0.001357590 2029.680504525  0.992722628
 0.001371070 2025.333130442  0.991739658
 0.001384590 2021.474223596  0.990937885
 0.001398150 2018.963119298  0.990531824
 0.001411770 2014.228848355  0.989430496
 0.001425430 2010.571517007  0.988672877
 0.001439140 2007.706644229  0.988144330
 0.001452900 2003.587252303  0.987239939
 0.001466720 2000.111878247  0.986514601
 0.001480590 1997.230654701  0.986003358
 0.001494510 1993.246016631  0.985126221
 0.001508500 1990.877589412  0.984767559
 0.001522520 1986.447681890  0.983744624
 0.001536580 1983.076861334  0.983069907
 0.001550680 1979.917393107  0.982458436
 0.001564820 1976.489817986  0.981758712
 0.001579010 1973.804112321  0.981292584
 0.001593240 1970.026119493  0.980479348
 0.001607510 1967.656450093  0.980104356
 0.001621830 1963.579167132  0.979199193
 0.001636200 1960.029315212  0.978447691
 0.001650620 1957.502238505  0.978023453
 0.001665100 1953.574937738  0.977155404
 0.001679620 1951.127384451  0.976753450
 0.001694200 1947.322035280  0.975915264
 0.001708830 1944.070195159  0.975266190
 0.001723490 1941.120477491  0.974699658
 0.001738200 1937.737566345  0.974003758
 0.001752940 1935.371354759  0.973629806
 0.001767730 1931.744558012  0.972825138
 0.001782550 1929.291917673  0.972421457
 0.001797420 1925.710048727  0.971642904
 0.001812340 1923.331255170  0.971258124
 0.001827300 1919.831272897  0.970514641
 0.001842300 1917.053076447  0.970019969
 0.001857350 1913.977910665  0.969398336
 0.001872460 1911.173558931  0.968882090
 0.001887620 1909.015408597  0.968544064
 0.001902820 1905.448509507  0.967785516
 0.001918080 1903.356569568  0.967480583
 0.001933360 1899.807030071  0.966719460
 0.001948690 1897.539670076  0.966347193
 0.001964050 1894.212155964  0.965669767
 0.001979460 1892.017696118  0.965300730
 0.001994900 1888.824725905  0.964648685
 0.002010390 1886.434531193  0.964250287
 0.002025920 1883.717043213  0.963720565
 0.002041490 1881.335631014  0.963312577
 0.002057110 1879.342673290  0.963048474
 0.002072770 1876.101029985  0.962368333
 0.002088490 1874.269316147  0.962135761
 0.002104250 1870.960520486  0.961448620
 0.002120070 1868.918925382  0.961122810
 0.002135920 1865.998356613  0.960554108
 0.002151820 1863.865564605  0.960226667
 0.002167750 1861.118917362  0.959690353
 0.002183710 1858.845540383  0.959306119
 0.002199720 1856.265980004  0.958858794
 0.002215760 1854.102825250  0.958484090
 0.002231840 1852.213433722  0.958229269
 0.002247970 1849.346527882  0.957662104
 0.002264130 1847.610080169  0.957453813
 0.002280340 1844.777633074  0.956870678
 0.002296600 1842.919637882  0.956619938
 0.002312900 1840.229309649  0.956111827
 0.002329250 1838.326731551  0.955837567
 0.002345650 1835.804319283  0.955371015
 0.002362100 1833.732060507  0.955057349
 0.002378580 1831.482987552  0.954655846
 0.002395100 1829.508717072  0.954356531
 0.002411650 1827.793570863  0.954160534
 0.002428240 1825.165939524  0.953651852
 0.002444870 1823.623273024  0.953474224
 0.002461540 1820.948970847  0.952952774
 0.002478240 1819.031135576  0.952695374
 0.002494990 1816.649638197  0.952237293
 0.002511780 1814.828982491  0.951979013
 0.002528610 1812.464572901  0.951568563
 0.002545480 1810.550100725  0.951267306
 0.002562400 1808.434590740  0.950919127
 0.002579370 1806.382922607  0.950626457
 0.002596380 1805.038700073  0.950487242
 0.002613440 1802.537417914  0.950012531
 0.002630530 1801.000733427  0.949851265
 0.002647660 1798.685646751  0.949414643
 0.002664820 1796.998361339  0.949214259
 0.002682020 1794.863150386  0.948826887
 0.002699260 1793.130897806  0.948600036
 0.002716530 1790.997877872  0.948278570
 0.002733840 1789.231490588  0.947990487
 0.002751190 1787.222565069  0.947667805
 0.002768580 1785.481448451  0.947434413
 0.002786010 1784.114879204  0.947311110
 0.002803490 1781.910308184  0.946908465
 0.002821010 1780.514954676  0.946789707
 0.002838580 1778.248555997  0.946369430
 0.002856190 1776.696282517  0.946169429
 0.002873840 1774.610159977  0.945815313
 0.002891530 1772.942043229  0.945611346
 0.002909250 1771.027600228  0.945285969
 0.002927000 1769.326696894  0.945046231
 0.002944790 1767.442056718  0.944768223
 0.002962620 1765.867724583  0.944552072
 0.002980480 1764.528494035  0.944435122
 0.002998380 1762.396880986  0.944088108
 0.003016320 1761.189484263  0.943984265
 0.003034300 1759.085959098  0.943617906
 0.003052320 1757.725587374  0.943485605
 0.003070380 1755.817099642  0.943169972
 0.003088480 1754.420313571  0.943014482
 0.003106630 1752.665851500  0.942750241
 0.003124830 1750.968209959  0.942543239
 0.003143060 1749.305256466  0.942285701
 0.003161320 1747.728028667  0.942077842
 0.003179620 1746.429434326  0.941977115
 0.003197940 1744.469564868  0.941640664
 0.003216310 1743.338976829  0.941568132
 0.003234710 1741.355362944  0.941241273
 0.003253150 1740.078636270  0.941111203
 0.003271620 1738.182388928  0.940835164
 0.003290130 1736.923153460  0.940691372
 0.003308680 1735.155278852  0.940434632
 0.003327270 1733.695988681  0.940274349
 0.003345900 1732.076965945  0.940046962
 0.003364580 1730.697935055  0.939874783
 0.003383290 1729.504223887  0.939797431
 0.003402050 1727.639442374  0.939495377
 0.003420840 1726.467553108  0.939440599
 0.003439670 1724.739216065  0.939166110
 0.003458530 1723.493332910  0.939051247
 0.003477420 1721.821683989  0.938806717
 0.003496340 1720.676273283  0.938715978
 0.003515300 1719.037441736  0.938486942
 0.003534300 1717.753686508  0.938367866
 0.003553330 1716.125880807  0.938162783
 0.003572400 1714.798805559  0.938010472
 0.003591500 1713.644047597  0.937946944
 0.003610650 1711.962762245  0.937667148
 0.003629830 1710.972900195  0.937640831
 0.003649060 1709.261691833  0.937360473
 0.003668320 1707.959624876  0.937240618
 0.003687630 1706.528244516  0.937041268
 0.003706980 1705.290341266  0.936943402
 0.003726350 1703.933016777  0.936780311
 0.003745760 1702.736770946  0.936674693
 0.003765200 1701.326225789  0.936515686
 0.003784670 1700.089949864  0.936368101
 0.003804180 1699.092247822  0.936331273
 0.003823720 1697.538328120  0.936122160
 0.003843290 1696.628435567  0.936078938
 0.003862910 1694.976082203  0.935841375
 0.003882550 1693.887324946  0.935783014
 0.003902240 1692.509893462  0.935591451
 0.003921960 1691.400292521  0.935510318
 0.003941720 1690.052019891  0.935342639
 0.003961530 1688.901745965  0.935251996
 0.003981370 1687.498746416  0.935085381
 0.004001250 1686.279120595  0.934983367
 0.004021170 1685.407861593  0.934972854
 0.004041110 1683.980448500  0.934760522
 0.004061090 1683.034905519  0.934754929
 0.004081100 1681.579727177  0.934537803
 0.004101140 1680.586886249  0.934505173
 0.004121210 1679.220931639  0.934343131
 0.004141320 1678.247349825  0.934278240
 0.004161460 1676.973235508  0.934125773
 0.004181640 1675.881659016  0.934038321
 0.004201850 1674.743630003  0.933923195
 0.004222100 1673.604448895  0.933833471
 0.004242390 1672.654698994  0.933813152
 0.004262710 1671.256064913  0.933636054
 0.004283070 1670.415910993  0.933629529
 0.004303480 1668.990435262  0.933441715
 0.004323920 1668.059526302  0.933402960
 0.004344390 1666.813492056  0.933273413
 0.004364890 1665.961156826  0.933251893
 0.004385430 1664.685709895  0.933106802
 0.004405990 1663.725169366  0.933046895
 0.004426590 1662.551837008  0.932928313
 0.004447210 1661.588178374  0.932875328
 0.004467880 1660.733330742  0.932852276
 0.004488570 1659.462613214  0.932684331
 0.004509300 1658.631847312  0.932699939
 0.004530060 1657.223903806  0.932541193
 0.004550860 1656.361603645  0.932508714
 0.004571690 1655.186636921  0.932394418
 0.004592570 1654.272503817  0.932356236
 0.004613470 1653.206995706  0.932251736
 0.004634420 1652.240431289  0.932211221
 0.004655410 1651.193866956  0.932103462
 0.004676430 1650.197996172  0.932063711
 0.004697470 1649.419079944  0.932065985
 0.004718550 1648.283005673  0.931937465
 0.004739660 1647.452637625  0.931938451
 0.004760800 1646.283553245  0.931799405
 0.004781970 1645.411380582  0.931791823
 0.004803170 1644.292258509  0.931680547
 0.004824400 1643.424164159  0.931669116
 0.004845670 1642.315698296  0.931564101
 0.004866970 1641.465836766  0.931519914
 0.004888300 1640.479126309  0.931458148
 0.004909670 1639.527685263  0.931407060
 0.004931080 1638.899406221  0.931440327
 0.004952520 1637.644791576  0.931306421
 0.004974000 1637.014581057  0.931358570
 0.004995510 1635.745709809  0.931209179
 0.005017070 1635.059946643  0.931209692
 0.005038650 1633.927458699  0.931111129
 0.005060260 1633.156659416  0.931112304
 0.005081900 1632.102362492  0.931032267
 0.005103570 1631.261165217  0.931022190
 0.005125260 1630.272339083  0.930951786
 0.005146990 1629.415257519  0.930929777
 0.005168750 1628.693566817  0.930941724
 0.005190550 1627.651956378  0.930857122
 0.005212370 1626.963325115  0.930886505
 0.005234230 1625.908751480  0.930782477
 0.005256120 1625.175608644  0.930779999
 0.005278040 1624.223478793  0.930707445
 0.005300000 1623.533911668  0.930712628
 0.005322000 1622.562825451  0.930639657
 0.005344030 1621.771971294  0.930634697
 0.005366100 1620.818308182  0.930578553
 0.005388200 1619.958121576  0.930563980
 0.005410340 1619.318997850  0.930606465
 0.005432500 1618.221088262  0.930492648
 0.005454690 1617.633400516  0.930549526
 0.005476900 1616.535407721  0.930435626
 0.005499150 1615.835417971  0.930454061
 0.005521430 1614.885506407  0.930387409
 0.005543730 1614.217421273  0.930398840
 0.005566070 1613.252648165  0.930339512
 0.005588440 1612.574371940  0.930339065
 0.005610840 1611.688650929  0.930305204
 0.005633270 1611.026355315  0.930302366
 0.005655740 1610.413087380  0.930348305
 0.005678240 1609.542102899  0.930274364
 0.005700770 1608.957499877  0.930323008
 0.005723340 1607.989137070  0.930251296
 0.005745950 1607.285930832  0.930265828
 0.005768590 1606.402646445  0.930217992
 0.005791260 1605.663771271  0.930233021
 0.005813960 1604.829933895  0.930188153
 0.005836690 1604.133502059  0.930192458
 0.005859440 1603.295715688  0.930165267
 0.005882230 1602.509926796  0.930166153
 0.005905040 1601.929954893  0.930219318
 0.005927880 1600.942349333  0.930134156
 0.005950750 1600.424558412  0.930204895
 0.005973650 1599.445180104  0.930122965
 0.005996580 1598.841236990  0.930164685
 0.006019550 1598.000473788  0.930127282
 0.006042540 1597.417719435  0.930159165
 0.006065570 1596.545954362  0.930125606
 0.006088630 1595.955034090  0.930149305
 0.006111720 1595.115543431  0.930130219
 0.006134850 1594.501436218  0.930145603
 0.006158010 1593.874048240  0.930195145
 0.006181210 1593.073134617  0.930147665
 0.006204440 1592.525986107  0.930205420
 0.006227690 1591.669607860  0.930156906
 0.006250980 1591.017814815  0.930177177
 0.006274280 1590.230655855  0.930152933
 0.006297620 1589.601597414  0.930184653
 0.006320990 1588.804721258  0.930157384
 0.006344380 1588.175025693  0.930183195
 0.006367800 1587.475540481  0.930181446
 0.006391250 1586.799281941  0.930200513
 0.006414730 1586.349073441  0.930267879
 0.006438240 1585.439763071  0.930217269
 0.006461780 1585.049819756  0.930304201
 0.006485360 1584.108183383  0.930247238
 0.006508960 1583.618539693  0.930297181
 0.006532600 1582.819570036  0.930278854
 0.006556270 1582.296261127  0.930325183
 0.006579980 1581.530209062  0.930306391
 0.006603720 1580.955435863  0.930346964
 0.006627490 1580.240660682  0.930342287
 0.006651290 1579.629401328  0.930371176
 0.006675120 1579.145654654  0.930434743
 0.006698970 1578.358301085  0.930403657
 0.006722850 1577.936029119  0.930477566
 0.006746750 1577.215312761  0.930451962
 0.006770690 1576.541115926  0.930455069
 0.006794650 1576.106960097  0.930536003
 0.006818640 1575.378585986  0.930540462
 0.006842650 1574.719202627  0.930550076
 0.006866700 1574.071525495  0.930573743
 0.006890780 1573.535071249  0.930598272
 0.006914890 1572.856318378  0.930612140
 0.006939020 1572.267563353  0.930649805
 0.006963190 1571.752778428  0.930726131
 0.006987390 1571.112208636  0.930724590
 0.007011630 1570.376302412  0.930729429
 0.007035890 1569.840175169  0.930759035
 0.007060190 1569.199981361  0.930786375
 0.007084530 1568.832137852  0.930877943
 0.007108890 1568.130629259  0.930875157
 0.007133280 1567.513343082  0.930899252
 0.007157690 1566.902965296  0.930920170
 0.007182120 1566.281808693  0.930944338
 0.007206580 1565.720715585  0.930979757
 0.007231070 1565.115104817  0.931014110
 0.007255590 1564.821732704  0.931121443
 0.007280130 1564.115357810  0.931119826
 0.007304700 1563.540559395  0.931148468
 0.007329300 1562.916500541  0.931171320
 0.007353930 1562.391300465  0.931216032
 0.007378590 1562.008088355  0.931308150
 0.007403280 1561.385223856  0.931325560
 0.007428000 1560.766460180  0.931344779
 0.007452750 1560.201532472  0.931379886
 0.007477530 1559.606694037  0.931405563
 0.007502340 1559.071698650  0.931452141
 0.007527190 1558.506359443  0.931485818
 0.007552070 1558.163575493  0.931594149
 0.007576980 1557.514712624  0.931599923
 0.007601910 1556.950822703  0.931636772
 0.007626870 1556.394255915  0.931674587
 0.007651850 1555.857841424  0.931721167
 0.007676860 1555.499589219  0.931817981
 0.007701890 1554.909474811  0.931846851
 0.007726950 1554.340075897  0.931877150
 0.007752040 1553.801388006  0.931920240
 0.007777150 1553.270680608  0.931961849
 0.007802290 1552.752333436  0.932013142
 0.007827460 1552.223393816  0.932056499
 0.007852660 1551.750664368  0.932118813
 0.007877880 1551.402138900  0.932213457
 0.007903140 1550.777425855  0.932212819
 0.007928420 1550.186360983  0.932241784
 0.007953730 1549.831718223  0.932316743
 0.007979080 1549.319892181  0.932372139
 0.008004450 1548.864307075  0.932416666
 0.008029860 1548.354560342  0.932470122
 0.008055300 1547.885832173  0.932506864
 0.008080770 1547.524585463  0.932599337
 0.008106270 1547.022604994  0.932609880
 0.008131790 1546.519718398  0.932660652
 0.008157330 1546.240916993  0.932757800
 0.008182900 1545.650464691  0.932790915
 0.008208490 1545.103470720  0.932840412
 0.008234110 1544.595688367  0.932913478
 0.008259750 1544.063177187  0.932954910
 0.008285420 1543.688606578  0.933062540
 0.008311120 1543.260869213  0.933116691
 0.008336840 1542.724274323  0.933144453
 0.008362590 1542.298002344  0.933230656
 0.008388370 1541.816913028  0.933288115
 0.008414180 1541.311232116  0.933323704
 0.008440010 1540.834802269  0.933381624
 0.008465880 1540.433281397  0.933438664
 0.008491770 1539.966791314  0.933514711
 0.008517690 1539.620762859  0.933611276
 0.008543650 1539.021302745  0.933623056
 0.008569630 1538.619828552  0.933714355
 0.008595650 1538.032492114  0.933750605
 0.008621700 1537.537251187  0.933822562
 0.008647770 1537.064599290  0.933908013
 0.008673860 1536.753819027  0.934005869
 0.008699980 1536.082640461  0.934025190
 0.008726120 1535.695673275  0.934107585
 0.008752280 1535.405874745  0.934203393
 0.008778470 1534.701970584  0.934213409
 0.008804680 1534.381503223  0.934302259
 0.008830920 1533.919125168  0.934363844
 0.008857190 1533.583094545  0.934461320
 0.008883480 1533.089426042  0.934508856
 0.008909790 1532.699395082  0.934586380
 0.008936140 1532.400328278  0.934689024
 0.008962510 1531.897623155  0.934717477
 0.008988910 1531.444970589  0.934785198
 0.009015340 1531.136513990  0.934892097
 0.009041800 1530.481362243  0.934912433
 0.009068280 1530.142685519  0.934984828
 0.009094800 1529.673286423  0.935051137
 0.009121350 1529.330094795  0.935127751
 0.009147930 1529.040971372  0.935243890
 0.009174530 1528.523372577  0.935284571
 0.009201170 1528.124459840  0.935347298
 0.009227820 1527.734667924  0.935427440
 0.009254500 1527.365751776  0.935520872
 0.009281200 1526.874378403  0.935568175
 0.009307920 1526.479991933  0.935648216
 0.009334660 1526.123123313  0.935723939
 0.009361440 1525.665043669  0.935788922
 0.009388230 1525.345750213  0.935891819
 0.009415050 1524.867042578  0.935956024
 0.009441900 1524.669461371  0.936073620
 0.009468770 1524.138332907  0.936109445
 0.009495670 1523.742433372  0.936192962
 0.009522590 1523.306061200  0.936259914
 0.009549540 1522.933866682  0.936328911
 0.009576520 1522.561718973  0.936411880
 0.009603530 1522.128096438  0.936485298
 0.009630560 1521.764542190  0.936573141
 0.009657620 1521.334013272  0.936652004
 0.009684710 1521.082714969  0.936749625
 0.009711840 1520.631743154  0.936815280
 0.009738990 1520.255258126  0.936896309
 0.009766170 1519.975153940  0.937020903
 0.009793370 1519.506480663  0.937051842
 0.009820600 1519.164994052  0.937144649
 0.009847850 1518.751272362  0.937219349
 0.009875120 1518.367115492  0.937307607
 0.009902410 1518.117334920  0.937428991
 0.009929730 1517.688362596  0.937477043
 0.009957070 1517.287197244  0.937553408
 0.009984430 1516.904116154  0.937638335
 0.010011800 1516.601415462  0.937745760
 0.010039200 1516.179020653  0.937796745
 0.010066700 1515.846385273  0.937889026
 0.010094100 1515.450489098  0.937974465
 0.010121600 1515.099927441  0.938061004
 0.010149100 1514.766026713  0.938169666
 0.010176700 1514.432897230  0.938236982
 0.010204200 1514.186343924  0.938368261
 0.010231800 1513.710207055  0.938414803
 0.010259500 1513.343097950  0.938506151
 0.010287100 1513.024054797  0.938580478
 0.010314800 1512.737237869  0.938683900
 0.010342500 1512.403680452  0.938766847
 0.010370200 1512.075065411  0.938862154
 0.010398000 1511.716109904  0.938931960
 0.010425800 1511.552049733  0.939055667
 0.010453600 1511.081813174  0.939103628
 0.010481400 1510.771221732  0.939203125
 0.010509300 1510.541698096  0.939331612
 0.010537100 1510.051179731  0.939377661
 0.010565000 1509.790564334  0.939462099
 0.010593000 1509.501554030  0.939559005
 0.010620900 1509.168367652  0.939640600
 0.010648900 1508.839702015  0.939742276
 0.010676900 1508.469189053  0.939828138
 0.010704900 1508.241622662  0.939941141
 0.010732900 1507.829325661  0.940012676
 0.010761000 1507.521336228  0.940110061
 0.010789100 1507.161300899  0.940210095
 0.010817200 1506.930810392  0.940331268
 0.010845300 1506.515181444  0.940389993
 0.010873500 1506.145533438  0.940486131
 0.010901700 1505.832802347  0.940590770
 0.010929900 1505.528241148  0.940696588
 0.010958100 1505.038166043  0.940761030
 0.010986400 1504.795454427  0.940874597
 0.011014700 1504.419756841  0.940981361
 0.011043100 1504.131721490  0.941065805
 0.011071400 1503.851993215  0.941190631
 0.011099800 1503.494197319  0.941277305
 0.011128200 1503.292267366  0.941405841
 0.011156600 1502.865208658  0.941461563
 0.011185100 1502.582817009  0.941569383
 0.011213500 1502.188499232  0.941648938
 0.011242000 1501.869876651  0.941737186
 0.011270500 1501.627032556  0.941843365
 0.011299000 1501.301923245  0.941936620
 0.011327600 1501.026681440  0.942052132
 0.011356200 1500.676863058  0.942142580
 0.011384800 1500.369063141  0.942241833
 0.011413400 1500.100851360  0.942341436
 0.011442000 1499.782460547  0.942436991
 0.011470700 1499.440849622  0.942545807
 0.011499400 1499.153766972  0.942654117
 0.011528100 1498.808276767  0.942753904
 0.011556900 1498.539038674  0.942857985
 0.011585700 1498.329755846  0.942989162
 0.011614500 1498.003982778  0.943054573
 0.011643300 1497.819478309  0.943184115
 0.011672200 1497.413320698  0.943249743
 0.011701000 1497.144065187  0.943353140
 0.011730000 1496.882582445  0.943462619
 0.011758900 1496.693465114  0.943597310
 0.011787800 1496.368324627  0.943689142
 0.011816800 1495.982272392  0.943764876
 0.011845800 1495.768724809  0.943882438
 0.011874800 1495.382099912  0.943965337
 0.011903900 1495.133037552  0.944067962
 0.011932900 1494.844034149  0.944167525
 0.011962000 1494.639591158  0.944293908
 0.011991100 1494.358266223  0.944400428
 0.012020200 1494.028188850  0.944487077
 0.012049400 1493.800630514  0.944604773
 0.012078600 1493.395678620  0.944686493
 0.012107700 1493.295872774  0.944821820
 0.012137000 1492.929269291  0.944914911
 0.012166200 1492.756923812  0.945033109
 0.012195500 1492.425288387  0.945135991
 0.012224800 1492.195167520  0.945240837
 0.012254100 1491.895788014  0.945350107
 0.012283400 1491.610518986  0.945451420
 0.012312800 1491.386413092  0.945562186
 0.012342200 1491.110557582  0.945666542
 0.012371600 1490.868010987  0.945779822
 0.012401000 1490.612365728  0.945891040
 0.012430500 1490.429280644  0.946023575
 0.012460000 1490.072199207  0.946101886
 0.012489500 1489.826394005  0.946234081
 0.012519100 1489.527090333  0.946309921
 0.012548600 1489.213151265  0.946413500
 0.012578200 1489.046441546  0.946535067
 0.012607800 1488.825350686  0.946673857
 0.012637400 1488.574323774  0.946772581
 0.012667100 1488.209525442  0.946856752
 0.012696700 1488.023264213  0.946988958
 0.012726400 1487.697723455  0.947072639
 0.012756100 1487.481312531  0.947187427
 0.012785900 1487.249465944  0.947302124
 0.012815600 1487.003822056  0.947414988
 0.012845400 1486.772136296  0.947533013
 0.012875200 1486.555347093  0.947643896
 0.012905000 1486.263693393  0.947756011
 0.012934800 1486.095229172  0.947865212
 0.012964700 1485.823055572  0.947980398
 0.012994600 1485.641652642  0.948091824
 0.013024500 1485.375235025  0.948202167
 0.013054400 1485.205085723  0.948322813
 0.013084400 1484.975587230  0.948434581
 0.013114400 1484.769259802  0.948577715
 0.013144400 1484.498994557  0.948677288
 0.013174500 1484.256954725  0.948765301
 0.013204500 1484.100228847  0.948903144
 0.013234600 1483.827542788  0.948979516
 0.013264700 1483.625041993  0.949093405
 0.013294900 1483.433082634  0.949224369
 0.013325000 1483.171419958  0.949331361
 0.013355200 1482.891737783  0.949440888
 0.013385400 1482.768397893  0.949565417
 0.013415600 1482.474091402  0.949672679
 0.013445800 1482.248545787  0.949784628
 0.013476100 1482.004555361  0.949911860
 0.013506300 1481.953477415  0.950060325
 0.013536600 1481.699826730  0.950174831
 0.013566900 1481.354956022  0.950256958
 0.013597300 1481.083548359  0.950370974
 0.013627600 1480.959749394  0.950499766
 0.013658000 1480.697898856  0.950613310
 0.013688400 1480.494371225  0.950715741
 0.013718800 1480.327112925  0.950849396
 0.013749300 1480.145472588  0.950971597
 0.013779700 1479.887204934  0.951070002
 0.013810200 1479.697862853  0.951199253
 0.013840800 1479.475786791  0.951326429
 0.013871300 1479.254977986  0.951439089
 0.013901900 1479.041195927  0.951543071
 0.013932500 1478.907157554  0.951694891
 0.013963100 1478.579090203  0.951784043
 0.013993700 1478.354299491  0.951895383
 0.014024400 1478.153703502  0.952012419
 0.014055100 1477.968171805  0.952142822
 0.014085800 1477.757124156  0.952257447
 0.014116500 1477.492100053  0.952363203
 0.014147300 1477.280442887  0.952497074
 0.014178100 1477.121927045  0.952635085
 0.014208800 1476.946941956  0.952748150
 0.014239600 1476.711163184  0.952856119
 0.014270500 1476.496648560  0.952982076
 0.014301300 1476.278256685  0.953100079
 0.014332200 1476.062574978  0.953220016
 0.014363000 1475.833614378  0.953337379
 0.014394000 1475.614526317  0.953468441
 0.014424900 1475.460974192  0.953593391
 0.014455800 1475.273813387  0.953702821
 0.014486800 1475.079567089  0.953832946
 0.014517800 1474.844059155  0.953950550
 0.014548800 1474.643138811  0.954069178
 0.014579800 1474.432742426  0.954197629
 0.014610900 1474.166449393  0.954314454
 0.014642000 1473.941102172  0.954446921
 0.014673100 1473.773129500  0.954564075
 0.014704200 1473.547957334  0.954682923
 0.014735400 1473.355202058  0.954820246
 0.014766600 1473.091617379  0.954926798
 0.014797800 1472.925959052  0.955061582
 0.014829000 1472.717773215  0.955184292
 0.014860300 1472.540964964  0.955309550
 0.014891500 1472.339887645  0.955418635
 0.014922800 1472.197281336  0.955556041
 0.014954100 1471.930552444  0.955663517
 0.014985500 1471.757143440  0.955800647
 0.015016800 1471.625325699  0.955952493
 0.015048200 1471.363037409  0.956049850
 0.015079600 1471.118811317  0.956171413
 0.015111000 1470.932414385  0.956288545
 0.015142400 1470.798620296  0.956422699
 0.015173800 1470.644044864  0.956556422
 0.015205300 1470.397992693  0.956661018
 0.015236800 1470.265293870  0.956798176
 0.015268300 1470.111135964  0.956936947
 0.015299800 1469.945423154  0.957060243
 0.015331300 1469.709541754  0.957175920
 0.015362900 1469.515724528  0.957297423
 0.015394500 1469.303309735  0.957430601
 0.015426100 1469.151872770  0.957562777
 0.015457700 1468.922834685  0.957671131
 0.015489400 1468.749445543  0.957807250
 0.015521000 1468.652760023  0.957964588
 0.015552700 1468.420741853  0.958079513
 0.015584500 1468.256403688  0.958197481
 0.015616200 1468.033086301  0.958312340
 0.015648000 1467.932072954  0.958443442
 0.015679800 1467.792550577  0.958582730
 0.015711600 1467.534966833  0.958691467
 0.015743500 1467.347460924  0.958823956
 0.015775300 1467.123531688  0.958944441
 0.015807200 1466.933351879  0.959081394
 0.015839100 1466.825354922  0.959206156
 0.015871000 1466.584224214  0.959326272
 0.015902900 1466.435386719  0.959468369
 0.015934900 1466.285890971  0.959618847
 0.015966900 1466.146271954  0.959730867
 0.015998800 1465.964221771  0.959860057
 0.016030800 1465.750685537  0.959970107
 0.016062900 1465.617892200  0.960119271
 0.016094900 1465.461923373  0.960256790
 0.016127000 1465.316697655  0.960390652
 0.016159100 1465.053462608  0.960507147
 0.016191200 1464.890613471  0.960621293
 0.016223300 1464.744198551  0.960765176
 0.016255400 1464.583923776  0.960896017
 0.016287600 1464.337490633  0.961019480
 0.016319800 1464.183141623  0.961162090
 0.016352000 1464.103474161  0.961316180
 0.016384200 1463.921953928  0.961430959
 0.016416500 1463.761312741  0.961551795
 0.016448700 1463.599997413  0.961675017
 0.016481000 1463.437839092  0.961816675
 0.016513400 1463.368670979  0.961952170
 0.016545700 1463.108762899  0.962061188
 0.016578100 1462.960192024  0.962206986
 0.016610500 1462.703478922  0.962327019
 0.016642900 1462.554658446  0.962467596
 0.016675300 1462.418147049  0.962598741
 0.016707800 1462.251477791  0.962723090
 0.016740300 1462.093553817  0.962857276
 0.016772700 1462.014698517  0.963008629
 0.016805200 1461.831510392  0.963117624
 0.016837800 1461.645000858  0.963255402
 0.016870300 1461.410565562  0.963371142
 0.016902900 1461.243141416  0.963525145
 0.016935400 1461.074955381  0.963667943
 0.016968000 1460.872305402  0.963803032
 0.017000600 1460.743380754  0.963934549
 0.017033300 1460.597972955  0.964065641
 0.017065900 1460.479900504  0.964181669
 0.017098600 1460.329963074  0.964327543
 0.017131300 1460.240019304  0.964463625
 0.017164000 1460.055425179  0.964577712
 0.017196700 1459.896577986  0.964724998
 0.017229400 1459.769053242  0.964867695
 0.017262200 1459.580947523  0.964984002
 0.017295000 1459.407949901  0.965123353
 0.017327800 1459.288897658  0.965274332
 0.017360600 1459.045135913  0.965395421
 0.017393500 1458.920681759  0.965536493
 0.017426400 1458.805378779  0.965682446
 0.017459300 1458.607850037  0.965790961
 0.017492200 1458.563936067  0.965940511
 0.017525100 1458.424439357  0.966079016
 0.017558100 1458.259825363  0.966186556
 0.017591100 1458.133238818  0.966333055
 0.017624100 1457.987131633  0.966479070
 0.017657200 1457.858973832  0.966598511
 0.017690200 1457.676136678  0.966732820
 0.017723300 1457.581925204  0.966884614
 0.017756300 1457.399958133  0.967024228
 0.017789400 1457.266044782  0.967140770
 0.017822500 1457.107546095  0.967271497
 0.017855700 1456.978824153  0.967419126
 0.017888800 1456.844504544  0.967562494
 0.017922000 1456.667717690  0.967695953
 0.017955200 1456.546195545  0.967829761
 0.017988400 1456.402002309  0.967971523
 0.018021600 1456.254396685  0.968106270
 0.018054800 1456.095030061  0.968231974
 0.018088100 1455.952163377  0.968372688
 0.018121400 1455.935533292  0.968529027
 0.018154600 1455.769279788  0.968650796
 0.018188000 1455.634525134  0.968784250
 0.018221300 1455.450070038  0.968925279
 0.018254700 1455.310102481  0.969063804
 0.018288000 1455.192067673  0.969191654
 0.018321400 1455.085910715  0.969337908
 0.018354800 1454.991150297  0.969489641
 0.018388300 1454.763266450  0.969606894
 0.018421700 1454.646593172  0.969743822
 0.018455200 1454.515426675  0.969865926
 0.018488700 1454.402915186  0.970021579
 0.018522200 1454.215067700  0.970148817
 0.018555800 1454.058618645  0.970295338
 0.018589400 1453.939492558  0.970442225
 0.018623000 1453.742462688  0.970573106
 0.018656600 1453.624519004  0.970711496
 0.018690200 1453.466616973  0.970830828
 0.018723800 1453.374023186  0.970982457
 0.018757500 1453.216240975  0.971125390
 0.018791200 1453.148066647  0.971259109
 0.018824900 1453.041441055  0.971419793
 0.018858600 1452.920913029  0.971539903
 0.018892300 1452.756439497  0.971679414
 0.018926000 1452.589432821  0.971804843
 0.018959800 1452.494412224  0.971953725
 0.018993600 1452.356892908  0.972093252
 0.019027400 1452.153324872  0.972226524
 0.019061200 1452.146160461  0.972398297
 0.019095000 1451.920023460  0.972525428
 0.019128800 1451.816771928  0.972661584
 0.019162700 1451.676329211  0.972804535
 0.019196600 1451.625806074  0.972952894
 0.019230500 1451.447840961  0.973072135
 0.019264400 1451.334100437  0.973221125
 0.019298400 1451.236084276  0.973353291
 0.019332300 1451.124862673  0.973499294
 0.019366300 1451.018111343  0.973651462
 0.019400300 1450.862315109  0.973782029
 0.019434300 1450.736787222  0.973922534
 0.019468400 1450.532619221  0.974050360
 0.019502400 1450.495128840  0.974202174
 0.019536500 1450.336978052  0.974339792
 0.019570600 1450.216205547  0.974483727
 0.019604700 1450.096964643  0.974636850
 0.019638900 1449.934197566  0.974763567
 0.019673100 1449.794109827  0.974914881
 0.019707300 1449.701855354  0.975038251
 0.019741500 1449.580323634  0.975187200
 0.019775700 1449.420430932  0.975316128
 0.019809900 1449.326031137  0.975472666
 0.019844200 1449.217767406  0.975604463
 0.019878500 1449.119274878  0.975753938
 0.019912700 1449.035228481  0.975901271
 0.019947000 1448.893453906  0.976051429
 0.019981400 1448.733515573  0.976177969
 0.020015700 1448.555435430  0.976314578
 0.020050100 1448.532118319  0.976468062
 0.020084400 1448.372494207  0.976602161
 0.020118800 1448.310403789  0.976754253
 0.020153200 1448.201346551  0.976900661
 0.020187600 1448.133064163  0.977034515
 0.020222100 1447.974049718  0.977172650
 0.020256500 1447.842536268  0.977315552
 0.020291000 1447.704219381  0.977453018
 0.020325500 1447.610176443  0.977595711
 0.020360000 1447.466722584  0.977743019
 0.020394500 1447.422716689  0.977911641
 0.020429100 1447.240333375  0.978027954
 0.020463600 1447.171707236  0.978180743
 0.020498200 1447.012784289  0.978322071
 0.020532800 1446.891463493  0.978461594
 0.020567500 1446.788852821  0.978598236
 0.020602100 1446.672872118  0.978741261
 0.020636800 1446.525760887  0.978884471
 0.020671500 1446.402178505  0.979029323
 0.020706200 1446.358120911  0.979187361
 0.020740900 1446.202174188  0.979313811
 0.020775600 1446.081452150  0.979471663
 0.020810400 1445.965860729  0.979593959
 0.020845200 1445.883717490  0.979750541
 0.020880000 1445.783946555  0.979881868
 0.020914800 1445.699194110  0.980039883
 0.020949700 1445.613550906  0.980194168
 0.020984500 1445.454465460  0.980328721
 0.021019400 1445.391553331  0.980474224
 0.021054300 1445.274907036  0.980616190
 0.021089200 1445.128080615  0.980758642
 0.021124100 1444.997829058  0.980893581
 0.021159000 1444.951440168  0.981049636
 0.021194000 1444.827492588  0.981186122
 0.021228900 1444.690288129  0.981333830
 0.021263900 1444.644220735  0.981492756
 0.021298900 1444.550628783  0.981636440
 0.021333900 1444.427837107  0.981770750
 0.021368900 1444.263310670  0.981912561
 0.021404000 1444.207754778  0.982057346
 0.021439100 1444.086151717  0.982200113
 0.021474100 1444.012063666  0.982348796
 0.021509200 1443.916441107  0.982515230
 0.021544400 1443.813414157  0.982638517
 0.021579500 1443.714743290  0.982794321
 0.021614600 1443.604900246  0.982928387
 0.021649800 1443.477529216  0.983082887
 0.021685000 1443.392705061  0.983208048
 0.021720200 1443.327854317  0.983371357
 0.021755400 1443.197479711  0.983509026
 0.021790700 1443.098996927  0.983661669
 0.021825900 1442.982809851  0.983808132
 0.021861200 1442.866853585  0.983953707
 0.021896500 1442.789880082  0.984096163
 0.021931900 1442.660409315  0.984233101
 0.021967200 1442.532716910  0.984383939
 0.022002600 1442.437788798  0.984519740
 0.022037900 1442.373593624  0.984677946
 0.022073400 1442.319229351  0.984835484
 0.022108800 1442.140989356  0.984971985
 0.022144200 1442.109102482  0.985118344
 0.022179700 1441.977439858  0.985262950
 0.022215100 1441.888444369  0.985408600
 0.022250600 1441.736037044  0.985551825
 0.022286100 1441.713490242  0.985699337
 0.022321600 1441.570843377  0.985844302
 0.022357100 1441.502577021  0.985992910
 0.022392700 1441.402358696  0.986157604
 0.022428200 1441.334202498  0.986287260
 0.022463800 1441.207298437  0.986438405
 0.022499400 1441.096131166  0.986572615
 0.022535000 1440.983027571  0.986733675
 0.022570600 1440.925242034  0.986865546
 0.022606200 1440.826307712  0.987025731
 0.022641900 1440.808520075  0.987190349
 0.022677600 1440.600351281  0.987321088
 0.022713300 1440.573205071  0.987461943
 0.022749000 1440.436739312  0.987609998
 0.022784700 1440.355685331  0.987760992
 0.022820400 1440.222120304  0.987896180
 0.022856200 1440.186191266  0.988053575
 0.022891900 1440.042948909  0.988192474
 0.022927700 1439.978436238  0.988350353
 0.022963500 1439.925861948  0.988502751
 0.022999400 1439.838202399  0.988652893
 0.023035200 1439.690034589  0.988788253
 0.023071100 1439.595918986  0.988938438
 0.023106900 1439.534940191  0.989081842
 0.023142800 1439.445057507  0.989234048
 0.023178800 1439.322693738  0.989377196
 0.023214700 1439.289094152  0.989548835
 0.023250600 1439.168644384  0.989672812
 0.023286600 1439.100874610  0.989834744
 0.023322600 1438.963832661  0.989969733
 0.023358600 1438.885458114  0.990128019
 0.023394700 1438.800186138  0.990260270
 0.023430700 1438.744097018  0.990426698
 0.023466800 1438.598106636  0.990562974
 0.023502800 1438.526290515  0.990720062
 0.023538900 1438.511763539  0.990876391
 0.023575000 1438.393967662  0.991022174
 0.023611100 1438.255183628  0.991164182
 0.023647300 1438.159746081  0.991309032
 0.023683400 1438.108915013  0.991461418
 0.023719600 1437.997514766  0.991601206
 0.023755800 1437.890496204  0.991758600
 0.023792000 1437.902572070  0.991921445
 0.023828200 1437.752908688  0.992055595
 0.023864400 1437.683223169  0.992204600
 0.023900600 1437.535902660  0.992351135
 0.023936900 1437.510640978  0.992498916
 0.023973100 1437.378110936  0.992639913
 0.024009400 1437.329153081  0.992796792
 0.024045700 1437.184154862  0.992946944
 0.024082100 1437.180375943  0.993095832
 0.024118400 1437.095065370  0.993256608
 0.024154700 1436.994381512  0.993395669
 0.024191100 1436.869038855  0.993551999
 0.024227500 1436.825023499  0.993686430
 0.024263900 1436.727820907  0.993845356
 0.024300300 1436.642593312  0.993988302
 0.024336700 1436.526806607  0.994147097
 0.024373200 1436.558422117  0.994305402
 0.024409700 1436.384981759  0.994442296
 0.024446100 1436.345801442  0.994598999
 0.024482700 1436.180492466  0.994740732
 0.024519200 1436.165255496  0.994890280
 0.024555700 1436.023149699  0.995029426
 0.024592300 1435.983208358  0.995193460
 0.024628900 1435.878739665  0.995331377
 0.024665500 1435.832021310  0.995489023
 0.024702100 1435.761384715  0.995647051
 0.024738700 1435.656525782  0.995797502
 0.024775400 1435.591512074  0.995937705
 0.024812000 1435.512094351  0.996091252
 0.024848700 1435.394127071  0.996236077
 0.024885400 1435.295641223  0.996384820
 0.024922100 1435.253908399  0.996534836
 0.024958800 1435.244234056  0.996712933
 0.024995600 1435.082503849  0.996837775
 0.025032300 1435.002891642  0.996998211
 0.025069100 1434.931085650  0.997131626
 0.025105900 1434.871563865  0.997294818
 0.025142700 1434.730076020  0.997426588
 0.025179500 1434.667001126  0.997591365
 0.025216300 1434.619495175  0.997734013
 0.025253100 1434.557459715  0.997894429
 0.025290000 1434.453111633  0.998045834
 0.025326800 1434.374775316  0.998197464
 0.025363700 1434.316331670  0.998346475
 0.025400600 1434.212616232  0.998489886
 0.025437500 1434.117261102  0.998644934
 0.025474400 1434.038458963  0.998787431
 0.025511400 1433.990459924  0.998946932
 0.025548300 1433.967270461  0.999110797
 0.025585300 1433.794076404  0.999250594
 0.025622300 1433.788042240  0.999401478
 0.025659300 1433.677900812  0.999548898
 0.025696300 1433.615642232  0.999702746
 0.025733400 1433.491990801  0.999850458
 0.025770400 1433.481665763  1.000001224
 0.025807500 1433.355512150  1.000147408
 0.025844600 1433.319555773  1.000302138
 0.025881700 1433.221702822  1.000470351
 0.025918800 1433.186808517  1.000606093
 0.025956000 1433.081853416  1.000760130
 0.025993100 1432.980254108  1.000899466
 0.026030300 1432.897353724  1.001066714
 0.026067500 1432.855405947  1.001199540
 0.026104700 1432.767996661  1.001365076
 0.026142000 1432.763428988  1.001530948
 0.026179200 1432.574322912  1.001668467
 0.026216500 1432.583590923  1.001818780
 0.026253800 1432.462920076  1.001966307
 0.026291100 1432.411249786  1.002121761
 0.026328400 1432.279033940  1.002260767
 0.026365700 1432.258916815  1.002421086
 0.026403000 1432.147229890  1.002564342
 0.026440400 1432.093130328  1.002723716
 0.026477700 1432.057119535  1.002881085
 0.026515100 1431.974653189  1.003030953
 0.026552500 1431.888607032  1.003180364
 0.026589900 1431.813368288  1.003335406
 0.026627300 1431.770669671  1.003485512
 0.026664700 1431.710252730  1.003640226
 0.026702200 1431.627786427  1.003794671
 0.026739600 1431.527555447  1.003941561
 0.026777100 1431.449335195  1.004078649
 0.026814600 1431.406096112  1.004245140
 0.026852100 1431.277347621  1.004379990
 0.026889600 1431.238027915  1.004546142
 0.026927100 1431.159978430  1.004683567
 0.026964700 1431.129739058  1.004854802
 0.027002200 1431.002292607  1.004991422
 0.027039800 1430.970250683  1.005159147
 0.027077400 1430.900737239  1.005299788
 0.027115000 1430.856933882  1.005466213
 0.027152600 1430.746078446  1.005609281
 0.027190200 1430.689827819  1.005767181
 0.027227900 1430.631413915  1.005912585
 0.027265600 1430.602646053  1.006075133
 0.027303200 1430.462034834  1.006217240
 0.027340900 1430.477877346  1.006385686
 0.027378700 1430.354253884  1.006522162
 0.027416400 1430.297629808  1.006673163
 0.027454200 1430.174397712  1.006823607
 0.027491900 1430.112581189  1.006974713
 0.027529700 1430.061131847  1.007126903
 0.027567500 1429.989969905  1.007278435
 0.027605400 1429.886973746  1.007429986
 0.027643200 1429.837084076  1.007584309
 0.027681100 1429.804988841  1.007737608
 0.027718900 1429.751112374  1.007894001
 0.027756800 1429.614865000  1.008041278
 0.027794700 1429.586814999  1.008201963
 0.027832700 1429.533410807  1.008348842
 0.027870600 1429.475402860  1.008503416
 0.027908500 1429.357904305  1.008657488
 0.027946500 1429.306987127  1.008809677
 0.027984400 1429.281113061  1.008966644
 0.028022400 1429.211202656  1.009115974
 0.028060400 1429.071358588  1.009258550
 0.028098400 1429.032841996  1.009419023
 0.028136400 1428.956361927  1.009561749
 0.028174400 1428.941542330  1.009727082
 0.028212500 1428.800426583  1.009869877
 0.028250500 1428.779344481  1.010029720
 0.028288600 1428.705778273  1.010174217
 0.028326700 1428.671833810  1.010338288
 0.028364800 1428.551150995  1.010487733
 0.028402900 1428.525294286  1.010645779
 0.028441000 1428.480024718  1.010800211
 0.028479100 1428.444451272  1.010957041
 0.028517300 1428.317836037  1.011105000
 0.028555500 1428.282079616  1.011264992
 0.028593600 1428.198595185  1.011408322
 0.028631800 1428.191515806  1.011572889
 0.028670100 1428.047973470  1.011716326
 0.028708300 1427.986573974  1.011866095
 0.028746500 1427.951647234  1.012028215
 0.028784800 1427.877093641  1.012170761
 0.028823100 1427.804614574  1.012333459
 0.028861300 1427.723763464  1.012470334
 0.028899600 1427.727583549  1.012635194
 0.028938000 1427.626763877  1.012774494
 0.028976300 1427.570346481  1.012934602
 0.029014700 1427.519996836  1.013084598
 0.029053000 1427.492829243  1.013246297
 0.029091400 1427.434478090  1.013396750
 0.029129800 1427.344869538  1.013546387
 0.029168300 1427.283475015  1.013701921
 0.029206700 1427.234822809  1.013860254
 0.029245200 1427.163463753  1.014007033
 0.029283700 1427.124462062  1.014174925
 0.029322200 1427.029835345  1.014316189
 0.029360700 1426.938099606  1.014460914
 0.029399200 1426.934516493  1.014623256
 0.029437700 1426.806280347  1.014763693
 0.029476200 1426.789656948  1.014933823
 0.029514800 1426.671114598  1.015077561
 0.029553300 1426.682989811  1.015234916
 0.029591900 1426.594555455  1.015382101
 0.029630500 1426.569444270  1.015548521
 0.029669100 1426.463054295  1.015695774
 0.029707700 1426.425908096  1.015854930
 0.029746300 1426.385147507  1.016005707
 0.029785000 1426.343652317  1.016162862
 0.029823600 1426.252605657  1.016317525
 0.029862300 1426.206333951  1.016471018
 0.029900900 1426.092994071  1.016620813
 0.029939600 1426.100653111  1.016786156
 0.029978300 1426.010404473  1.016930165
 0.030017000 1425.946742135  1.017079047
 0.030055800 1425.853418756  1.017232874
 0.030094500 1425.797865629  1.017383536
 0.030133200 1425.722984945  1.017545869
 0.030172000 1425.691504658  1.017687496
 0.030210800 1425.648290028  1.017851565
 0.030249600 1425.563785846  1.017999431
 0.030288400 1425.499279558  1.018158555
 0.030327200 1425.438206089  1.018310179
 0.030366100 1425.389969296  1.018463331
 0.030404900 1425.367101702  1.018622721
 0.030443800 1425.276112123  1.018776441
 0.030482700 1425.205183376  1.018925787
 0.030521600 1425.139529197  1.019087203
 0.030560500 1425.070613910  1.019235606
 0.030599400 1425.075255062  1.019391910
 0.030638400 1424.981543999  1.019541263
 0.030677300 1424.861604137  1.019687045
 0.030716300 1424.835744288  1.019846559
 0.030755300 1424.722521176  1.019996562
 0.030794400 1424.734439753  1.020156813
 0.030833400 1424.650246745  1.020303365
 0.030872500 1424.619426574  1.020467918
 0.030911600 1424.516036010  1.020611149
 0.030950600 1424.490321761  1.020778169
 0.030989700 1424.397762290  1.020929753
 0.031028800 1424.397629133  1.021082283
 0.031067900 1424.341956539  1.021240988
 0.031107100 1424.277268645  1.021394178
 0.031146200 1424.197304583  1.021549756
 0.031185400 1424.148922774  1.021710943
 0.031224500 1424.092084186  1.021851534
 0.031263700 1424.084362776  1.022018554
 0.031302900 1423.974192837  1.022166247
 0.031342100 1423.895751798  1.022310385
 0.031381300 1423.826088295  1.022473185
 0.031420500 1423.761540409  1.022622520
 0.031459700 1423.751373694  1.022778706
 0.031499000 1423.671801942  1.022927401
 0.031538200 1423.620429966  1.023089391
 0.031577500 1423.550798846  1.023240731
 0.031616800 1423.496647592  1.023404044
 0.031656100 1423.474354485  1.023548980
 0.031695400 1423.418899341  1.023708263
 0.031734700 1423.369654291  1.023867199
 0.031774000 1423.283870774  1.024012794
 0.031813400 1423.219782327  1.024170016
 0.031852700 1423.181837683  1.024328072
 0.031892100 1423.135984116  1.024477685
 0.031931500 1423.081360325  1.024642543
 0.031970900 1422.985061922  1.024783843
 0.032010300 1422.901283080  1.024933521
 0.032049700 1422.853009508  1.025093386
 0.032089200 1422.799656907  1.025232145
 0.032128600 1422.764911892  1.025399408
 0.032168100 1422.672263129  1.025547686
 0.032207600 1422.623506760  1.025704516
 0.032247100 1422.525036182  1.025853659
 0.032286600 1422.544331535  1.026017380
 0.032326100 1422.476135782  1.026167367
 0.032365700 1422.438352483  1.026330164
 0.032405300 1422.356064281  1.026479862
 0.032444900 1422.311896064  1.026640521
 0.032484500 1422.229443638  1.026794914
 0.032524100 1422.242808058  1.026947261
 0.032563800 1422.160079708  1.027101567
 0.032603400 1422.131045843  1.027266008
 0.032643100 1422.023466183  1.027411923
 0.032682800 1421.959966421  1.027562213
 0.032722500 1421.934170333  1.027720052
 0.032762200 1421.879709231  1.027871005
 0.032801900 1421.833074244  1.028032519
 0.032841600 1421.749000805  1.028175210
 0.032881300 1421.687240674  1.028339669
 0.032921100 1421.627593745  1.028490390
 0.032960800 1421.627375853  1.028648148
 0.033000600 1421.559797838  1.028801890
 0.033040300 1421.494812291  1.028958716
 0.033080100 1421.456643040  1.029120090
 0.033119900 1421.376664464  1.029275098
 0.033159700 1421.360382331  1.029423411
 0.033199500 1421.321052941  1.029586000
 0.033239400 1421.251858988  1.029737986
 0.033279200 1421.201276826  1.029895368
 0.033319100 1421.118962201  1.030046018
 0.033358900 1421.009588280  1.030191534
 0.033398800 1421.026089223  1.030350414
 0.033438700 1420.920312429  1.030492889
 0.033478600 1420.885344336  1.030658160
 0.033518500 1420.779307448  1.030806938
 0.033558400 1420.728572096  1.030968452
 0.033598400 1420.690888795  1.031111898
 0.033638300 1420.623048979  1.031278442
 0.033678300 1420.559819734  1.031430795
 0.033718300 1420.538028395  1.031583689
 0.033758300 1420.454526732  1.031739670
 0.033798300 1420.405859731  1.031894438
 0.033838300 1420.367480084  1.032047157
 0.033878400 1420.293128720  1.032208979
 0.033918400 1420.240234523  1.032352799
 0.033958500 1420.208564690  1.032517026
 0.033998600 1420.123171462  1.032669187
 0.034038700 1420.081348906  1.032809117
 0.034078800 1420.032986585  1.032976639
 0.034118900 1419.950081263  1.033128176
 0.034159100 1419.931497006  1.033284404
 0.034199200 1419.862445964  1.033432650
 0.034239400 1419.829312610  1.033596130
 0.034279600 1419.765516843  1.033743952
 0.034319900 1419.707782977  1.033910875
 0.034360100 1419.682944127  1.034057548
 0.034400300 1419.615524376  1.034217104
 0.034440600 1419.565293315  1.034379513
 0.034480900 1419.534328453  1.034525655
 0.034521100 1419.479556677  1.034684306
 0.034561400 1419.418197743  1.034841039
 0.034601700 1419.400749868  1.034998701
 0.034642000 1419.327805701  1.035162043
 0.034682300 1419.303820468  1.035307008
 0.034722700 1419.205317144  1.035455463
 0.034763000 1419.163943237  1.035616782
 0.034803300 1419.097514184  1.035761113
 0.034843700 1419.073143149  1.035927937
 0.034884100 1418.951201142  1.036077095
 0.034924400 1418.998212710  1.036236723
 0.034964800 1418.875483928  1.036384841
 0.035005200 1418.855292925  1.036551013
 0.035045600 1418.795151705  1.036697451
 0.035086100 1418.766795122  1.036858039
 0.035126500 1418.710192717  1.037005713
 0.035166900 1418.653332882  1.037161385
 0.035207400 1418.555230584  1.037317822
 0.035247800 1418.577505801  1.037471582
 0.035288300 1418.449809101  1.037621854
 0.035328800 1418.458307184  1.037785315
 0.035369300 1418.361942397  1.037931171
 0.035409800 1418.308969371  1.038084629
 0.035450400 1418.250114089  1.038237974
 0.035490900 1418.217325564  1.038389923
 0.035531500 1418.125159327  1.038552763
 0.035572000 1418.123647282  1.038695136
 0.035612600 1418.036475089  1.038856848
 0.035653200 1417.980484735  1.039007258
 0.035693800 1417.952277386  1.039165746
 0.035734400 1417.890045408  1.039317454
 0.035775100 1417.846766933  1.039474044
 0.035815700 1417.815471577  1.039633474
 0.035856400 1417.715512311  1.039789039
 0.035897100 1417.710684036  1.039940306
 0.035937800 1417.650402137  1.040099922
 0.035978500 1417.597322860  1.040251200
 0.036019200 1417.577655169  1.040408271
 0.036060000 1417.511341975  1.040563714
 0.036100700 1417.379792281  1.040709769
 0.036141500 1417.411958407  1.040871582
 0.036182300 1417.305622670  1.041017383
 0.036223100 1417.323051871  1.041183056
 0.036264000 1417.219292356  1.041328318
 0.036304800 1417.208375991  1.041493872
 0.036345700 1417.135803569  1.041636593
 0.036386500 1417.124847821  1.041806768
 0.036427400 1417.019543113  1.041960412
 0.036468200 1417.050767858  1.042115316
 0.036509100 1416.959349861  1.042273307
 0.036550000 1416.918635403  1.042432857
 0.036590900 1416.880653557  1.042585872
 0.036631800 1416.851922515  1.042746284
 0.036672800 1416.779307008  1.042889105
 0.036713700 1416.770939034  1.043059592
 0.036754600 1416.648776036  1.043207437
 0.036795600 1416.636698508  1.043351884
 0.036836500 1416.560102773  1.043511356
 0.036877500 1416.490508175  1.043662538
 0.036918500 1416.465686368  1.043817239
 0.036959500 1416.399926609  1.043967151
 0.037000500 1416.339675028  1.044124178
 0.037041500 1416.299103498  1.044275014
 0.037082500 1416.228101772  1.044438803
 0.037123500 1416.219195796  1.044584991
 0.037164600 1416.135472072  1.044746779
 0.037205600 1416.099040196  1.044903336
 0.037246700 1416.070676748  1.045051320
 0.037287800 1416.014978606  1.045210017
 0.037328900 1415.967941421  1.045366489
 0.037370000 1415.922853833  1.045519509
 0.037411100 1415.864914722  1.045682355
 0.037452200 1415.817839020  1.045827965
 0.037493400 1415.723258214  1.045974612
 0.037534500 1415.700643720  1.046135382
 0.037575700 1415.624139334  1.046274766
 0.037616900 1415.606061063  1.046444886
 0.037658100 1415.480384680  1.046592295
 0.037699300 1415.508845953  1.046745361
 0.037740500 1415.396926391  1.046896794
 0.037781800 1415.427952519  1.047061806
 0.037823000 1415.324182190  1.047211020
 0.037864300 1415.295221908  1.047371586
 0.037905600 1415.262525596  1.047521982
 0.037946900 1415.229955998  1.047684115
 0.037988200 1415.125206159  1.047837257
 0.038029500 1415.155388407  1.047992621
 0.038070900 1415.046032582  1.048144019
 0.038112300 1415.046825799  1.048311027
 0.038153600 1414.964242821  1.048454924
 0.038195000 1414.909092487  1.048606675
 0.038236400 1414.870791395  1.048761283
 0.038277900 1414.835027616  1.048916809
 0.038319300 1414.764666808  1.049080688
 0.038360700 1414.739974765  1.049221982
 0.038402200 1414.666740558  1.049386871
 0.038443600 1414.634351405  1.049538382
 0.038485100 1414.597701739  1.049691762
 0.038526500 1414.542670361  1.049848580
 0.038568000 1414.418534901  1.049996590
 0.038609500 1414.447068073  1.050161829
 0.038651000 1414.313262522  1.050318808
 0.038692500 1414.297330140  1.050476273
 0.038734000 1414.188163696  1.050635304
 0.038775500 1414.120524788  1.050800781
 0.038817100 1414.033089030  1.050948168
 0.038858600 1414.016733544  1.051118270
 0.038900200 1413.875271111  1.051255812
 0.038941700 1413.830890427  1.051402163
 0.038983300 1413.749326655  1.051564580
 0.039024900 1413.734026484  1.051721793
 0.039066500 1413.674053926  1.051872862
 0.039108100 1413.617038551  1.052024021
 0.039149700 1413.574345485  1.052180909
 0.039191300 1413.519722723  1.052334071
 0.039232900 1413.451774585  1.052492781
 0.039274600 1413.439131671  1.052639705
 0.039316200 1413.340632421  1.052785336
 0.039357900 1413.361508956  1.052944077
 0.039399600 1413.278496771  1.053102362
 0.039441300 1413.228802584  1.053262567
 0.039483000 1413.070562053  1.053409593
 0.039524700 1413.058007046  1.053573893
 0.039566500 1412.965540211  1.053735677
 0.039608200 1412.949453936  1.053882526
 0.039650000 1412.822503549  1.054031056
 0.039691700 1412.832711763  1.054176695
 0.039733500 1412.725606930  1.054330107
 0.039775300 1412.755558213  1.054497095
 0.039817100 1412.620559175  1.054644033
 0.039859000 1412.648840181  1.054806535
 0.039900800 1412.512120507  1.054953776
 0.039942700 1412.577056086  1.055119653
 0.039984500 1412.445668332  1.055266494
 0.040026400 1412.498675988  1.055436274
 0.040068300 1412.351513516  1.055570709
 0.040110300 1412.364543479  1.055723853
 0.040152200 1412.273265591  1.055882172
 0.040194200 1412.304296371  1.056045377
 0.040236100 1412.147220156  1.056192546
 0.040278100 1412.201050448  1.056353037
 0.040320100 1412.076073601  1.056508805
 0.040362100 1412.103302443  1.056663232
 0.040404100 1412.003126939  1.056819859
 0.040446100 1412.009754229  1.056967583
 0.040488100 1411.895941134  1.057113725
 0.040530200 1411.904349407  1.057272467
 0.040572200 1411.828716800  1.057430154
 0.040614200 1411.828932340  1.057593983
 0.040656300 1411.682983973  1.057737279
 0.040698400 1411.723413416  1.057900357
 0.040740400 1411.652996818  1.058061450
 0.040782500 1411.649762312  1.058211414
 0.040824600 1411.521745687  1.058358080
 0.040866700 1411.545357974  1.058508817
 0.040908800 1411.429717855  1.058658844
 0.040950900 1411.460275045  1.058825742
 0.040993000 1411.316819574  1.058969207
 0.041035200 1411.345311529  1.059131833
 0.041077300 1411.209513112  1.059279026
 0.041119400 1411.269844155  1.059443218
 0.041161600 1411.138836727  1.059590066
 0.041203800 1411.178354895  1.059754776
 0.041246000 1411.027587402  1.059891345
 0.041288100 1411.043909939  1.060042426
 0.041330300 1410.943463859  1.060197385
 0.041372600 1410.964101511  1.060357294
 0.041414800 1410.808886100  1.060504093
 0.041457000 1410.861981232  1.060664972
 0.041499300 1410.758724402  1.060821808
 0.041541500 1410.769864871  1.060976783
 0.041583800 1410.668483258  1.061129637
 0.041626100 1410.676195018  1.061279344
 0.041668400 1410.554019373  1.061423907
 0.041710700 1410.584441123  1.061583698
 0.041753000 1410.482318247  1.061738690
 0.041795300 1410.494381924  1.061900061
 0.041837700 1410.349245999  1.062043615
 0.041880100 1410.384200748  1.062205070
 0.041922400 1410.298414098  1.062366656
 0.041964800 1410.301490206  1.062512857
 0.042007200 1410.179211077  1.062661118
 0.042049700 1410.188100173  1.062806903
 0.042092100 1410.087522692  1.062961876
 0.042134500 1410.113345398  1.063127159
 0.042177000 1409.980438553  1.063273857
 0.042219500 1410.009254626  1.063436473
 0.042262000 1409.879376203  1.063585261
 0.042304500 1409.945284135  1.063751108
 0.042347000 1409.808546068  1.063894444
 0.042389600 1409.873655513  1.064054612
 0.042432100 1409.812862441  1.064205704
 0.042474700 1409.845273350  1.064356237
 0.042517200 1409.771507906  1.064505248
 0.042559800 1409.811791333  1.064663589
 0.042602400 1409.653842870  1.064810143
 0.042645000 1409.667240672  1.064963800
 0.042687600 1409.566439739  1.065124128
 0.042730200 1409.638235038  1.065290090
 0.042772800 1409.494687092  1.065427141
 0.042815400 1409.559825328  1.065590031
 0.042858000 1409.416804342  1.065737420
 0.042900600 1409.457384156  1.065905405
 0.042943300 1409.335285014  1.066041234
 0.042985900 1409.375575520  1.066201047
 0.043028600 1409.292976602  1.066353868
 0.043071200 1409.337434807  1.066502797
 0.043113900 1409.288810647  1.066644525
 0.043156600 1409.301520091  1.066798020
 0.043199300 1409.222889779  1.066953230
 0.043242000 1409.205670015  1.067118254
 0.043284700 1409.142094661  1.067266372
 0.043327400 1409.031746638  1.067413839
 0.043370100 1408.952903891  1.067578814
 0.043412900 1408.932874208  1.067740178
 0.043455600 1408.856343661  1.067888482
 0.043498400 1408.815541779  1.068042015
 0.043541200 1408.759336419  1.068190153
 0.043583900 1408.746953071  1.068348856
 0.043626700 1408.634878589  1.068501370
 0.043669500 1408.681469871  1.068664594
 0.043712300 1408.573316253  1.068806881
 0.043755200 1408.512329089  1.068952542
 0.043798000 1408.487792295  1.069114850
 0.043840800 1408.448304539  1.069267443
 0.043883700 1408.325361209  1.069415097
 0.043926600 1408.345250679  1.069579458
 0.043969500 1408.237343700  1.069727248
 0.044012400 1408.192710001  1.069881373
 0.044055300 1408.097652286  1.070034368
 0.044098200 1408.120229553  1.070189241
 0.044141100 1407.998616874  1.070342572
 0.044184100 1408.011132727  1.070497023
 0.044227000 1407.930251721  1.070648242
 0.044270000 1407.904677693  1.070800275
 0.044313000 1407.786901042  1.070944426
 0.044356000 1407.827555711  1.071109779
 0.044399000 1407.716942679  1.071257388
 0.044442100 1407.721547528  1.071417241
 0.044485100 1407.631496123  1.071565212
 0.044528200 1407.651880513  1.071719955
 0.044571300 1407.534742641  1.071878435
 0.044614300 1407.539987969  1.072031597
 0.044657500 1407.438270144  1.072172647
 0.044700600 1407.445813112  1.072338009
 0.044743700 1407.343615933  1.072487101
 0.044786800 1407.395223650  1.072655645
 0.044830000 1407.269869119  1.072803552
 0.044873100 1407.261195364  1.072944332
 0.044916300 1407.189082167  1.073106073
 0.044959400 1407.209321797  1.073262295
 0.045002600 1407.104324147  1.073412872
 0.045045800 1407.075641911  1.073564259
 0.045088900 1407.019568649  1.073712609
 0.045132100 1406.978640737  1.073874126
 0.045175300 1406.930938613  1.074025187
 0.045218500 1406.928405670  1.074184585
 0.045261700 1406.815509020  1.074328701
 0.045304900 1406.761266040  1.074470907
 0.045348200 1406.736352342  1.074634734
 0.045391400 1406.686340057  1.074784045
 0.045434600 1406.595516509  1.074930754
 0.045477900 1406.583364591  1.075094165
 0.045521100 1406.564406249  1.075242871
 0.045564400 1406.504223896  1.075395851
 0.045607700 1406.444181593  1.075549554
 0.045651000 1406.407184544  1.075697456
 0.045694300 1406.336907716  1.075856276
 0.045737600 1406.306285229  1.076012076
 0.045780900 1406.278899923  1.076165230
 0.045824200 1406.213371611  1.076314876
 0.045867500 1406.128701509  1.076454439
 0.045910900 1406.136960709  1.076619068
 0.045954200 1406.093512002  1.076771761
 0.045997600 1406.048434455  1.076925971
 0.046041000 1406.003265749  1.077079588
 0.046084400 1405.909214103  1.077221939
 0.046127700 1405.920775061  1.077381682
 0.046171200 1405.828916951  1.077534335
 0.046214600 1405.847312336  1.077687599
 0.046258000 1405.732330656  1.077842582
 0.046301500 1405.722972820  1.077988739
 0.046344900 1405.661640012  1.078146497
 0.046388400 1405.631304500  1.078296850
 0.046431900 1405.509472258  1.078439375
 0.046475300 1405.545902717  1.078603050
 0.046518900 1405.460777638  1.078753600
 0.046562400 1405.433049244  1.078901843
 0.046605900 1405.357329034  1.079054698
 0.046649400 1405.350849392  1.079206797
 0.046693000 1405.262369193  1.079362726
 0.046736600 1405.265294896  1.079513966
 0.046780200 1405.202628932  1.079668136
 0.046823800 1405.160242185  1.079817154
 0.046867400 1405.044244524  1.079961303
 0.046911000 1405.089000771  1.080128296
 0.046954600 1404.997304101  1.080275350
 0.046998300 1404.960415986  1.080422156
 0.047042000 1404.891012798  1.080582044
 0.047085600 1404.912943339  1.080736599
 0.047129300 1404.798202867  1.080889511
 0.047173000 1404.802604280  1.081042971
 0.047216700 1404.697209738  1.081182346
 0.047260400 1404.711152392  1.081343861
 0.047304100 1404.624458042  1.081497869
 0.047347900 1404.662586568  1.081655979
 0.047391600 1404.522606549  1.081804559
 0.047435300 1404.494696965  1.081944098
 0.047479100 1404.428596273  1.082103903
 0.047522800 1404.426422496  1.082253526
 0.047566600 1404.334124935  1.082411012
 0.047610300 1404.327457168  1.082561696
 0.047654100 1404.226820970  1.082704219
 0.047697900 1404.220931651  1.082862778
 0.047741600 1404.123776235  1.083013808
 0.047785400 1404.137432026  1.083165456
 0.047829200 1404.023751926  1.083320399
 0.047873000 1404.025009220  1.083464442
 0.047916800 1403.946621253  1.083624588
 0.047960700 1403.929239322  1.083770913
 0.048004500 1403.813347513  1.083915040
 0.048048300 1403.848658888  1.084078755
 0.048092200 1403.760541096  1.084227621
 0.048136000 1403.730903763  1.084375936
 0.048179900 1403.668613014  1.084530112
 0.048223800 1403.653156148  1.084680777
 0.048267700 1403.576408175  1.084838053
 0.048311500 1403.534820290  1.084985403
 0.048355500 1403.565083045  1.085149099
 0.048399400 1403.413378652  1.085292661
 0.048443300 1403.411419856  1.085435005
 0.048487200 1403.347419369  1.085594686
 0.048531200 1403.330535208  1.085746424
 0.048575100 1403.215204770  1.085890502
 0.048619100 1403.249837251  1.086054228
 0.048663100 1403.177987902  1.086199270
 0.048707100 1403.156219089  1.086352849
 0.048751100 1403.058554095  1.086504169
 0.048795100 1403.078094113  1.086657401
 0.048839100 1402.960355520  1.086810605
 0.048883100 1402.984965471  1.086962902
 0.048927200 1402.894281159  1.087110898
 0.048971200 1402.860939056  1.087259620
 0.049015300 1402.756177760  1.087401569
 0.049059400 1402.792113273  1.087565313
 0.049103500 1402.661851980  1.087711607
 0.049147600 1402.690369798  1.087867290
 0.049191700 1402.579843750  1.088014136
 0.049235800 1402.587783460  1.088167418
 0.049280000 1402.497686864  1.088319782
 0.049324100 1402.494637062  1.088469636
 0.049368300 1402.389140784  1.088610787
 0.049412500 1402.391883835  1.088772762
 0.049456700 1402.281700316  1.088918529
 0.049500900 1402.332058381  1.089081592
 0.049545200 1402.188365877  1.089228485
 0.049589400 1402.184168456  1.089369103
 0.049633600 1402.105821903  1.089525702
 0.049677900 1402.130842004  1.089683554
 0.049722100 1402.009720749  1.089831108
 0.049766400 1402.024160531  1.089982892
 0.049810700 1401.922560984  1.090123810
 0.049855000 1401.919094240  1.090284154
 0.049899200 1401.818940305  1.090433272
 0.049943500 1401.876521931  1.090594388
 0.049987800 1401.725768460  1.090739663
 0.050032100 1401.687620949  1.090877820
 0.050076400 1401.636941405  1.091037148
 0.050120700 1401.594971965  1.091187824
 0.050165100 1401.512084511  1.091327330
 0.050209400 1401.510279811  1.091488654
 0.050253700 1401.424661316  1.091633963
 0.050298100 1401.403611121  1.091785509
 0.050342400 1401.343498216  1.091937833
 0.050386800 1401.305049037  1.092082054
 0.050431100 1401.233614692  1.092239207
 0.050475500 1401.226108757  1.092390811
 0.050519900 1401.163234823  1.092539604
 0.050564300 1401.119386346  1.092690531
 0.050608700 1401.006740903  1.092829189
 0.050653100 1401.009968799  1.092990301
 0.050697500 1400.933148450  1.093138569
 0.050741900 1400.938304766  1.093291420
 0.050786300 1400.840934165  1.093441365
 0.050830800 1400.821631504  1.093588493
 0.050875200 1400.774822168  1.093744358
 0.050919700 1400.725074076  1.093894093
 0.050964200 1400.699202431  1.094039816
 0.051008600 1400.660660486  1.094194122
 0.051053100 1400.640093820  1.094338984
 0.051097600 1400.625276210  1.094500815
 0.051142100 1400.600906459  1.094649387
 0.051186700 1400.478109019  1.094788046
 0.051231200 1400.469994019  1.094946182
 0.051275700 1400.458102730  1.095099729
 0.051320300 1400.362783165  1.095246425
 0.051364800 1400.346921819  1.095397527
 0.051409400 1400.292003704  1.095543870
 0.051454000 1400.214010433  1.095695835
 0.051498600 1400.189763476  1.095848233
 0.051543200 1400.177380544  1.096004167
 0.051587800 1400.074057043  1.096148042
 0.051632500 1400.038059543  1.096289819
 0.051677100 1399.987862578  1.096448791
 0.051721800 1399.978533592  1.096597274
 0.051766400 1399.896303363  1.096740097
 0.051811100 1399.828635681  1.096897880
 0.051855800 1399.842357203  1.097049323
 0.051900500 1399.753933423  1.097194137
 0.051945200 1399.688125869  1.097346350
 0.051989900 1399.621200318  1.097486512
 0.052034700 1399.602715930  1.097643676
 0.052079400 1399.501142873  1.097797768
 0.052124200 1399.535690850  1.097950618
 0.052169000 1399.418493046  1.098095008
 0.052213800 1399.421205746  1.098235501
 0.052258600 1399.351975592  1.098395218
 0.052303400 1399.354237747  1.098541500
 0.052348200 1399.310471246  1.098695844
 0.052393000 1399.237518541  1.098843135
 0.052437800 1399.125078801  1.098987679
 0.052482700 1399.095597584  1.099141524
 0.052527500 1399.019305623  1.099290638
 0.052572300 1398.990712518  1.099441545
 0.052617200 1398.856484332  1.099593474
 0.052662000 1398.851401880  1.099735958
 0.052706900 1398.787099997  1.099890175
 0.052751700 1398.739366299  1.100037610
 0.052796600 1398.636489845  1.100179535
 0.052841500 1398.662639589  1.100339949
 0.052886400 1398.573378616  1.100488906
 0.052931200 1398.537187924  1.100633842
 0.052976100 1398.447576708  1.100781783
 0.053021000 1398.451834828  1.100931807
 0.053066000 1398.351895263  1.101082575
 0.053110900 1398.344727102  1.101230727
 0.053155800 1398.267218218  1.101380020
 0.053200700 1398.237913253  1.101526858
 0.053245700 1398.113990567  1.101667703
 0.053290600 1398.146672773  1.101829680
 0.053335600 1398.032980163  1.101975578
 0.053380600 1398.014074803  1.102116616
 0.053425500 1397.947837677  1.102271066
 0.053470500 1397.951856160  1.102422427
 0.053515500 1397.848689132  1.102569459
 0.053560500 1397.848907152  1.102721648
 0.053605500 1397.735433301  1.102859422
 0.053650600 1397.743876706  1.103017554
 0.053695600 1397.650115064  1.103168304
 0.053740600 1397.696376738  1.103324360
 0.053785700 1397.550639777  1.103469588
 0.053830700 1397.535619258  1.103606942
 0.053875800 1397.467890498  1.103763123
 0.053920900 1397.455940635  1.103912979
 0.053966000 1397.374901567  1.104066747
 0.054011100 1397.375683938  1.104213634
 0.054056200 1397.270665129  1.104354428
 0.054101300 1397.267294392  1.104507400
 0.054146400 1397.167421430  1.104657003
 0.054191600 1397.191301807  1.104806526
 0.054236700 1397.070324480  1.104958137
 0.054281900 1397.068027689  1.105100544
 0.054327100 1396.991041665  1.105253450
 0.054372200 1396.969554956  1.105399999
 0.054417400 1396.846178312  1.105540791
 0.054462600 1396.867274563  1.105699602
 0.054507900 1396.790904862  1.105846262
 0.054553100 1396.754336748  1.105991305
 0.054598300 1396.671126593  1.106140824
 0.054643600 1396.680699556  1.106292364
 0.054688800 1396.575622536  1.106441615
 0.054734100 1396.569254451  1.106589738
 0.054779400 1396.508128849  1.106738520
 0.054824700 1396.452403700  1.106882629
 0.054870000 1396.345659264  1.107022933
 0.054915400 1396.373241990  1.107183292
 0.054960700 1396.243677822  1.107329694
 0.055006000 1396.236030717  1.107468596
 0.055051400 1396.154681231  1.107623509
 0.055096800 1396.169214100  1.107772779
 0.055142100 1396.045389932  1.107918684
 0.055187500 1396.062122637  1.108070348
 0.055232800 1395.938606776  1.108204880
 0.055278200 1395.946883012  1.108363015
 0.055323600 1395.837463044  1.108508912
 0.055369000 1395.855396749  1.108664347
 0.055414400 1395.717729794  1.108814790
 0.055459800 1395.713529767  1.108953316
 0.055505200 1395.625054797  1.109108455
 0.055550600 1395.559582607  1.109248964
 0.055596000 1395.459410339  1.109393782
 0.055641400 1395.459223063  1.109546973
 0.055686900 1395.371781500  1.109694133
 0.055732300 1395.347922303  1.109845636
 0.055777800 1395.253653664  1.109989218
 0.055823200 1395.268619032  1.110145916
 0.055868700 1395.149688064  1.110286535
 0.055914100 1395.149786414  1.110438404
 0.055959600 1395.060134593  1.110574805
 0.056005100 1395.021087638  1.110718440
 0.056050600 1394.940984817  1.110869566
 0.056096100 1394.953551486  1.111021038
 0.056141600 1394.865025614  1.111170002
 0.056187100 1394.821751172  1.111319190
 0.056232600 1394.703397685  1.111469148
 0.056278200 1394.703336861  1.111626108
 0.056323700 1394.628037608  1.111766044
 0.056369300 1394.581933582  1.111906423
 0.056414800 1394.509436294  1.112049508
 0.056460400 1394.455633843  1.112194284
 0.056506000 1394.416312203  1.112349020
 0.056551500 1394.359668860  1.112497076
 0.056597100 1394.283869357  1.112643239
 0.056642700 1394.238214771  1.112794893
 0.056688300 1394.201688629  1.112942379
 0.056734000 1394.137803969  1.113089099
 0.056779600 1394.133056396  1.113242539
 0.056825200 1394.057423401  1.113378526
 0.056870900 1394.010438859  1.113524730
 0.056916500 1393.976962018  1.113681094
 0.056962200 1393.915392468  1.113825780
 0.057007900 1393.831788128  1.113970371
 0.057053600 1393.792322975  1.114118281
 0.057099300 1393.774089438  1.114272360
 0.057145000 1393.738443301  1.114427132
 0.057190700 1393.682404568  1.114564304
 0.057236400 1393.617837034  1.114703518
 0.057282200 1393.534799829  1.114843712
 0.057327900 1393.518045719  1.114999560
 0.057373700 1393.479133389  1.115150866
 0.057419500 1393.356127666  1.115291098
 0.057465300 1393.316287298  1.115439002
 0.057511100 1393.259819137  1.115587170
 0.057556900 1393.221009537  1.115734949
 0.057602700 1393.180644458  1.115876980
 0.057648500 1393.157240584  1.116034617
 0.057694400 1393.059897113  1.116164340
 0.057740200 1393.017720721  1.116317437
 0.057786100 1392.964959715  1.116463899
 0.057832000 1392.909439768  1.116607508
 0.057877800 1392.850521658  1.116761172
 0.057923700 1392.795228864  1.116903949
 0.057969600 1392.776656576  1.117058260
 0.058015500 1392.715989134  1.117199163
 0.058061400 1392.685715337  1.117351740
 0.058107300 1392.596426382  1.117482887
 0.058153300 1392.550122941  1.117628968
 0.058199200 1392.481689120  1.117779557
 0.058245100 1392.471827791  1.117929227
 0.058291000 1392.336852690  1.118072331
 0.058337000 1392.351898438  1.118223629
 0.058382900 1392.274783059  1.118372651
 0.058428900 1392.244658811  1.118516178
 0.058474800 1392.186004573  1.118662692
 0.058520800 1392.129159204  1.118799835
 0.058566800 1392.066319265  1.118941009
 0.058612700 1392.008171345  1.119089492
 0.058658700 1391.960275053  1.119240492
 0.058704700 1391.895046083  1.119384978
 0.058750700 1391.829635235  1.119535057
 0.058796700 1391.773599268  1.119678107
 0.058842700 1391.778205586  1.119833044
 0.058888700 1391.678887292  1.119973781
 0.058934700 1391.646324147  1.120117269
 0.058980800 1391.588413616  1.120259951
 0.059026800 1391.538521019  1.120404610
 0.059072900 1391.482785734  1.120557871
 0.059118900 1391.429980787  1.120700420
 0.059165000 1391.366326182  1.120846422
 0.059211000 1391.311874960  1.120994778
 0.059257100 1391.295132360  1.121146900
 0.059303200 1391.227678821  1.121288419
 0.059349300 1391.214148491  1.121438508
 0.059395400 1391.102300773  1.121568491
 0.059441500 1391.045261794  1.121711562
 0.059487600 1391.016633142  1.121865847
 0.059533800 1390.970984498  1.122011966
 0.059579900 1390.876185962  1.122155041
 0.059626100 1390.830623427  1.122301356
 0.059672200 1390.794846187  1.122454166
 0.059718400 1390.723410342  1.122592162
 0.059764500 1390.689113439  1.122735834
 0.059810700 1390.639262534  1.122879942
 0.059856900 1390.591600091  1.123024405
 0.059903100 1390.542322312  1.123177679
 0.059949300 1390.488773437  1.123320670
 0.059995500 1390.430091086  1.123469662
 0.060041800 1390.387252896  1.123615881
 0.060088000 1390.348869744  1.123757918
 0.060134300 1390.332648715  1.123917382
 0.060180500 1390.261851261  1.124048009
 0.060226800 1390.219221931  1.124193672
 0.060273100 1390.175471252  1.124339884
 0.060319300 1390.136178455  1.124482424
 0.060365600 1390.082879020  1.124626850
 0.060412000 1390.025526108  1.124779880
 0.060458300 1389.907044955  1.124924429
 0.060504600 1389.870208573  1.125071873
 0.060550900 1389.808534241  1.125209462
 0.060597300 1389.739394739  1.125348865
 0.060643700 1389.709994463  1.125503301
 0.060690000 1389.646797702  1.125648375
 0.060736400 1389.608711888  1.125793727
 0.060782800 1389.558462665  1.125936126
 0.060829200 1389.448751148  1.126083908
 0.060875600 1389.425640292  1.126234745
 0.060922100 1389.370678849  1.126368247
 0.060968500 1389.308104377  1.126511088
 0.061014900 1389.254445515  1.126657322
 0.061061400 1389.207041978  1.126803392
 0.061107800 1389.213907972  1.126951135
 0.061154200 1389.138712543  1.127089974
 0.061200700 1389.074336834  1.127235125
 0.061247200 1389.064277203  1.127387954
 0.061293600 1389.012632335  1.127529684
 0.061340100 1388.901181705  1.127664709
 0.061386600 1388.850735410  1.127806933
 0.061433000 1388.800878962  1.127958780
 0.061479500 1388.710888449  1.128095017
 0.061526000 1388.685040407  1.128248828
 0.061572500 1388.656038467  1.128400000
 0.061619000 1388.615509242  1.128541357
 0.061665500 1388.594355352  1.128673714
 0.061712100 1388.537437412  1.128808009
 0.061758600 1388.496137716  1.128951551
 0.061805100 1388.477274549  1.129098423
 0.061851600 1388.412940057  1.129246187
 0.061898200 1388.400298041  1.129401700
 0.061944700 1388.277580252  1.129544679
 0.061991300 1388.183796534  1.129682030
 0.062037900 1388.137099985  1.129830585
 0.062084400 1387.942059520  1.129965148
 0.062131000 1387.985960495  1.130125428
 0.062177600 1387.877753870  1.130265833
 0.062224200 1387.898450683  1.130410955
 0.062270800 1387.840020635  1.130556919
 0.062317400 1387.810811475  1.130688022
 0.062364000 1387.697580207  1.130829150
 0.062410600 1387.710080765  1.130973650
 0.062457300 1387.600813851  1.131121178
 0.062503900 1387.557092676  1.131265365
 0.062550600 1387.499156919  1.131415610
 0.062597200 1387.443528116  1.131554947
 0.062643900 1387.362938992  1.131692357
 0.062690500 1387.239944761  1.131833836
 0.062737200 1387.231228998  1.131982118
 0.062783900 1387.144059463  1.132131003
 0.062830600 1387.086799928  1.132265019
 0.062877300 1387.090460595  1.132422030
 0.062924000 1386.976597176  1.132563014
 0.062970700 1386.990053045  1.132699454
 0.063017500 1386.851718503  1.132837819
 0.063064200 1386.847453450  1.132991299
 0.063111000 1386.824359494  1.133141407
 0.063157700 1386.781700052  1.133264005
 0.063204500 1386.741431243  1.133406631
 0.063251300 1386.669278631  1.133548921
 0.063298000 1386.633194088  1.133691857
 0.063344800 1386.542572739  1.133833770
 0.063391600 1386.466154249  1.133984483
 0.063438500 1386.430267057  1.134130589
 0.063485300 1386.318634810  1.134279175
 0.063532100 1386.262744710  1.134403680
 0.063579000 1386.187163990  1.134551268
 0.063625800 1386.155645336  1.134705315
 0.063672700 1386.094223246  1.134840271
 0.063719500 1386.014795559  1.134987261
 0.063766400 1386.010601101  1.135127597
 0.063813300 1385.947391907  1.135258257
 0.063860200 1385.893972980  1.135401176
 0.063907100 1385.862622982  1.135545331
 0.063954000 1385.826770547  1.135698173
 0.064001000 1385.709090760  1.135838964
 0.064047900 1385.701834860  1.135988048
 0.064094900 1385.571989551  1.136115656
 0.064141800 1385.495157269  1.136255897
 0.064188800 1385.419104149  1.136399266
 0.064235800 1385.348038315  1.136547608
 0.064282700 1385.307192865  1.136689882
 0.064329700 1385.266707682  1.136839333
 0.064376700 1385.181929937  1.136976262
 0.064423700 1385.136128037  1.137112387
 0.064470700 1385.091807754  1.137255140
 0.064517700 1385.029146798  1.137405131
