 0.000000005 476018.784520902 135.863800910
 0.000000022 81863.725950453 21.445082202
 0.000000079 37766.192373439  8.933519386
 0.000000274 24671.655304124  5.774428008
 0.000000933 17045.091363647  4.269938542
 0.000003121 12026.043239183  3.267797111
 0.000006388 9750.444816818  2.778695298
 0.000009714 8389.731736362  2.459349232
 0.000013098 7532.877057768  2.257454883
 0.000016540 6916.741563468  2.110296935
 0.000020040 6433.012480444  1.993467729
 0.000023597 6109.891273233  1.918079324
 0.000027212 5842.694150840  1.855586886
 0.000030884 5621.579499997  1.803763216
 0.000034615 5458.048403028  1.766882724
 0.000038406 5329.517257197  1.738774449
 0.000042255 5216.707856348  1.714095338
 0.000046164 5109.984135967  1.690312015
 0.000050133 5023.689983372  1.671721252
 0.000054162 4942.567542644  1.654033288
 0.000058252 4868.841407273  1.637993881
 0.000062405 4800.039844236  1.622962955
 0.000066621 4737.150930951  1.609282271
 0.000070902 4679.684085700  1.596868853
 0.000075250 4620.938887272  1.583844088
 0.000079668 4571.797877021  1.573283941
 0.000084158 4527.186943515  1.563889630
 0.000088721 4475.833934574  1.552343643
 0.000093362 4437.128854395  1.544320565
 0.000098082 4391.944671892  1.534240451
 0.000102887 4349.980525751  1.524987986
 0.000107779 4314.866878683  1.517622752
 0.000112762 4271.784468694  1.507808042
 0.000117840 4234.773158401  1.499697529
 0.000123017 4199.935944618  1.492117166
 0.000128298 4166.208690725  1.484775649
 0.000133691 4136.837144227  1.478647451
 0.000139201 4108.088641680  1.472710115
 0.000144811 4072.045584014  1.464469001
 0.000150468 4042.326076386  1.458026278
 0.000156172 4016.576562845  1.452662412
 0.000161922 3984.145623282  1.445297052
 0.000167721 3955.686628044  1.439007984
 0.000173571 3929.731469873  1.433389193
 0.000179474 3901.659817364  1.427093095
 0.000185433 3871.588438868  1.420194314
 0.000191449 3844.287584679  1.414047436
 0.000197526 3816.646254038  1.407733305
 0.000203667 3789.424795245  1.401520758
 0.000209874 3762.919591105  1.395366432
 0.000216150 3736.792710516  1.389190453
 0.000222498 3711.624544404  1.383171296
 0.000228922 3687.463012946  1.377469018
 0.000235424 3661.693364824  1.371602949
 0.000242009 3636.300676947  1.365883937
 0.000248681 3610.551954970  1.360057871
 0.000255444 3587.615065140  1.354974828
 0.000262303 3560.080941610  1.348482538
 0.000269264 3540.884686207  1.344423223
 0.000276305 3511.267201373  1.337264293
 0.000283393 3487.504685447  1.331756709
 0.000290527 3464.092054787  1.326281844
 0.000297708 3441.093488921  1.320968464
 0.000304937 3418.483724508  1.315705891
 0.000312215 3396.446368112  1.310589723
 0.000319546 3374.997828440  1.305618465
 0.000326931 3354.063578454  1.300730281
 0.000334373 3333.830450571  1.295979434
 0.000341874 3313.787747202  1.291355394
 0.000349437 3294.640128735  1.286927630
 0.000357064 3276.236805339  1.282705534
 0.000364759 3258.119887071  1.278529612
 0.000372523 3240.568013162  1.274475723
 0.000380359 3223.500624573  1.270516661
 0.000388271 3207.148838732  1.266729465
 0.000396262 3191.189844102  1.263109266
 0.000404335 3175.623021354  1.259546751
 0.000412495 3160.596657768  1.256109099
 0.000420723 3146.051929023  1.252805425
 0.000429002 3132.356042579  1.249721602
 0.000437331 3121.233862753  1.247326260
 0.000445709 3106.281407348  1.243826146
 0.000454136 3093.976688928  1.241069728
 0.000462613 3081.839015053  1.238366626
 0.000471139 3074.666504573  1.237093716
 0.000479717 3060.912758288  1.233811876
 0.000488348 3047.917764881  1.230800134
 0.000497034 3036.612867620  1.228249063
 0.000505778 3025.664250322  1.225802090
 0.000514580 3014.844230740  1.223394396
 0.000523444 3006.410023176  1.221640447
 0.000532373 2994.414289260  1.218851895
 0.000541367 2983.793059242  1.216412214
 0.000550430 2976.109951510  1.214817526
 0.000559566 2963.989964079  1.212009225
 0.000568764 2958.631795564  1.211085834
 0.000578014 2946.898125357  1.208314048
 0.000587314 2936.176726108  1.205822571
 0.000596666 2931.031920660  1.204966470
 0.000606071 2918.259806928  1.201879475
 0.000615528 2909.590904407  1.199950370
 0.000625036 2900.802792015  1.198014515
 0.000634595 2891.881500752  1.196024534
 0.000644206 2883.440958135  1.194166029
 0.000653868 2874.396985961  1.192120481
 0.000663585 2867.352382521  1.190652198
 0.000673357 2857.126120183  1.188232129
 0.000683186 2851.124798239  1.187073622
 0.000693075 2842.446851804  1.185092047
 0.000703017 2830.070738512  1.182047667
 0.000713007 2824.223570240  1.180904233
 0.000723047 2815.440336081  1.178905597
 0.000733138 2806.831174318  1.176914770
 0.000743280 2795.371627735  1.174108762
 0.000753474 2786.425540724  1.172064605
 0.000763722 2777.797240573  1.170055172
 0.000774024 2769.529242615  1.168168280
 0.000784380 2761.231547737  1.166277774
 0.000794791 2754.583354288  1.164863343
 0.000805257 2745.411994754  1.162686173
 0.000815772 2740.045560405  1.161649002
 0.000826329 2730.007993155  1.159230810
 0.000836930 2722.006038509  1.157373791
 0.000847574 2716.141989867  1.156158908
 0.000858263 2707.084024134  1.154019419
 0.000868998 2702.650386306  1.153224446
 0.000879782 2693.255228177  1.150957541
 0.000890614 2686.333939274  1.149417920
 0.000901497 2680.705383083  1.148251804
 0.000912432 2672.891495806  1.146456555
 0.000923421 2668.839314447  1.145737135
 0.000934464 2659.947465034  1.143610764
 0.000945563 2653.570313771  1.142215758
 0.000956713 2647.517906077  1.140916369
 0.000967902 2641.007459120  1.139480981
 0.000979131 2636.006129968  1.138475783
 0.000990402 2628.744477391  1.136821760
 0.001001710 2624.561532965  1.136066660
 0.001013070 2616.817939080  1.134236918
 0.001024470 2610.351041131  1.132799355
 0.001035910 2605.672827172  1.131881055
 0.001047400 2598.360394932  1.130209778
 0.001058940 2594.479014120  1.129522530
 0.001070520 2586.620956913  1.127673794
 0.001082160 2580.534712794  1.126336447
 0.001093850 2575.527445418  1.125312666
 0.001105590 2568.623228860  1.123742042
 0.001117380 2564.518084963  1.122999255
 0.001129220 2556.626015639  1.121118407
 0.001141090 2550.650140975  1.119810034
 0.001153010 2545.018004667  1.118610833
 0.001164960 2538.931848599  1.117268657
 0.001176950 2534.152974269  1.116296905
 0.001188990 2527.503843180  1.114792326
 0.001201060 2523.439694171  1.114058626
 0.001213190 2516.489118624  1.112457054
 0.001225350 2510.601262296  1.111146633
 0.001237560 2506.179686133  1.110292844
 0.001249820 2499.691849049  1.108826862
 0.001262130 2496.077612910  1.108189535
 0.001274490 2489.198649895  1.106609074
 0.001286900 2483.836970983  1.105458512
 0.001299360 2479.514712113  1.104616605
 0.001311860 2473.589472353  1.103300860
 0.001324400 2470.083971407  1.102691302
 0.001336970 2463.542723677  1.101206781
 0.001349580 2458.592131749  1.100184950
 0.001362230 2453.964040362  1.099247490
 0.001374920 2448.897348240  1.098177536
 0.001387650 2444.864483955  1.097411950
 0.001400430 2439.346903510  1.096209796
 0.001413250 2435.933846795  1.095640343
 0.001426110 2430.207727920  1.094364733
 0.001439020 2425.388953154  1.093344754
 0.001451980 2421.771332612  1.092698721
 0.001464990 2416.425188265  1.091547660
 0.001478040 2413.346152287  1.091048074
 0.001491150 2407.958847263  1.089884120
 0.001504280 2403.608186946  1.089004057
 0.001517450 2400.257951055  1.088412504
 0.001530660 2395.459166747  1.087413832
 0.001543910 2392.759711182  1.087017908
 0.001557190 2387.547976419  1.085900924
 0.001570520 2383.455231241  1.085103229
 0.001583880 2379.858487485  1.084433874
 0.001597290 2375.815492411  1.083635910
 0.001610740 2372.672351865  1.083129606
 0.001624230 2368.424775147  1.082246652
 0.001637760 2365.713487204  1.081847083
 0.001651350 2361.138571856  1.080887696
 0.001664980 2357.113643799  1.080092734
 0.001678660 2354.157091678  1.079623396
 0.001692370 2349.814523243  1.078727469
 0.001706120 2347.136595618  1.078338527
 0.001719900 2342.495575212  1.077370119
 0.001733720 2338.740560648  1.076631469
 0.001747570 2335.779332981  1.076134937
 0.001761460 2331.653614101  1.075310756
 0.001775390 2329.212047365  1.074963423
 0.001789360 2324.626833444  1.074010439
 0.001803370 2321.078093553  1.073328720
 0.001817420 2317.859925910  1.072781994
 0.001831510 2314.134445091  1.072056201
 0.001845640 2311.393691605  1.071614879
 0.001859820 2307.366367656  1.070809409
 0.001874040 2304.853102438  1.070435407
 0.001888310 2300.726215464  1.069588757
 0.001902620 2297.130354128  1.068894240
 0.001916960 2294.396645007  1.068473127
 0.001931330 2290.494897633  1.067693793
 0.001945730 2288.201046566  1.067397763
 0.001960170 2284.144274712  1.066567665
 0.001974650 2280.733555803  1.065925039
 0.001989160 2278.208737846  1.065541836
 0.002003710 2274.454730547  1.064794710
 0.002018300 2272.290583987  1.064520847
 0.002032920 2268.280763653  1.063704385
 0.002047590 2265.177182328  1.063159047
 0.002062300 2262.159779971  1.062634041
 0.002077060 2258.920634185  1.062035397
 0.002091850 2256.485151728  1.061693797
 0.002106700 2253.153951642  1.061057041
 0.002121580 2250.978756647  1.060765251
 0.002136490 2247.360484665  1.060070384
 0.002151430 2244.147579882  1.059472733
 0.002166410 2241.586255730  1.059061444
 0.002181420 2238.633960894  1.058543080
 0.002196470 2236.196006849  1.058173205
 0.002211550 2232.850109302  1.057534320
 0.002226670 2230.181377156  1.057087087
 0.002241820 2227.158039136  1.056547883
 0.002257020 2224.438440957  1.056106442
 0.002272250 2222.404004784  1.055857149
 0.002287520 2218.974615341  1.055173035
 0.002302830 2216.928867515  1.054915133
 0.002318180 2213.326596722  1.054223191
 0.002333580 2211.172928459  1.053900231
 0.002349020 2208.015246194  1.053324724
 0.002364490 2205.758661113  1.053002042
 0.002380000 2202.707960120  1.052429055
 0.002395530 2200.263859022  1.052050139
 0.002411100 2197.456483787  1.051562955
 0.002426710 2194.950812561  1.051158069
 0.002442340 2192.911910126  1.050896727
 0.002458010 2189.754114369  1.050308191
 0.002473720 2188.030694250  1.050123754
 0.002489460 2184.766325906  1.049523056
 0.002505240 2182.713333154  1.049255118
 0.002521060 2179.896509513  1.048724166
 0.002536920 2177.868066491  1.048457615
 0.002552820 2174.963592538  1.047960395
 0.002568760 2172.782083377  1.047615152
 0.002584740 2170.183097150  1.047187758
 0.002600760 2167.941338057  1.046849601
 0.002616810 2166.099608775  1.046631639
 0.002632880 2163.107981858  1.046071737
 0.002648990 2161.348026297  1.045897984
 0.002665140 2158.397996580  1.045337585
 0.002681310 2156.451927272  1.045076429
 0.002697520 2153.776603752  1.044622898
 0.002713770 2151.781007141  1.044364217
 0.002730040 2149.290381212  1.043936925
 0.002746360 2147.139218320  1.043619807
 0.002762710 2144.703547956  1.043244645
 0.002779100 2142.537273688  1.042908942
 0.002795530 2140.928269083  1.042740562
 0.002812000 2138.075639952  1.042226769
 0.002828510 2136.419390209  1.042063353
 0.002845050 2133.738407059  1.041573523
 0.002861630 2131.978917902  1.041363579
 0.002878230 2129.549042056  1.040969744
 0.002894870 2127.731328854  1.040753590
 0.002911530 2125.383372446  1.040358964
 0.002928230 2123.456252738  1.040106600
 0.002944960 2121.362819074  1.039823367
 0.002961730 2119.520498563  1.039565410
 0.002978530 2117.901844518  1.039388330
 0.002995360 2115.330784337  1.038956729
 0.003012230 2113.720573486  1.038788051
 0.003029140 2111.149512850  1.038326804
 0.003046080 2109.377934790  1.038132190
 0.003063060 2107.082983262  1.037747739
 0.003080080 2105.269007654  1.037524476
 0.003097140 2103.096762550  1.037172529
 0.003114230 2101.336222459  1.036953564
 0.003131340 2099.221818851  1.036650044
 0.003148490 2097.375845063  1.036410077
 0.003165670 2096.007917605  1.036292713
 0.003182880 2093.602525748  1.035891427
 0.003200120 2092.237668002  1.035778817
 0.003217390 2089.909910711  1.035384837
 0.003234700 2088.273196342  1.035214412
 0.003252040 2086.101154993  1.034872650
 0.003269410 2084.578903893  1.034707596
 0.003286820 2082.386966527  1.034380411
 0.003304260 2080.702296300  1.034162028
 0.003321740 2078.844139981  1.033908763
 0.003339250 2077.024419243  1.033688164
 0.003356810 2075.709232232  1.033567014
 0.003374400 2073.493942187  1.033218485
 0.003392020 2072.200478132  1.033128853
 0.003409670 2069.981408044  1.032778338
 0.003427340 2068.493054759  1.032620154
 0.003445050 2066.487742454  1.032310582
 0.003462790 2064.935574595  1.032165076
 0.003480560 2062.954468214  1.031849537
 0.003498360 2061.313108984  1.031661166
 0.003516190 2059.465393032  1.031410671
 0.003534060 2057.833093575  1.031221643
 0.003551950 2056.552180096  1.031117493
 0.003569890 2054.442912907  1.030804974
 0.003587850 2053.285583192  1.030747728
 0.003605850 2051.250450163  1.030434975
 0.003623890 2049.808626493  1.030301787
 0.003641960 2047.941669365  1.030047009
 0.003660070 2046.489395373  1.029897163
 0.003678210 2044.743929928  1.029659141
 0.003696380 2043.255091853  1.029491683
 0.003714580 2041.618703143  1.029273178
 0.003732800 2040.128189803  1.029128563
 0.003751060 2038.861555777  1.029048184
 0.003769340 2036.795031706  1.028729133
 0.003787660 2035.584012344  1.028664958
 0.003806010 2033.539960759  1.028354730
 0.003824380 2032.196572487  1.028252269
 0.003842790 2030.453330854  1.028022357
 0.003861240 2029.234157387  1.027899967
 0.003879710 2027.545952161  1.027684264
 0.003898220 2026.138302744  1.027541950
 0.003916770 2024.532857141  1.027345689
 0.003935350 2023.107084273  1.027214239
 0.003953960 2022.046146672  1.027168964
 0.003972610 2020.105438102  1.026888279
 0.003991290 2019.018552179  1.026843453
 0.004009990 2017.219086187  1.026577588
 0.004028720 2016.011899468  1.026475120
 0.004047480 2014.349282508  1.026258967
 0.004066270 2013.048935797  1.026156323
 0.004085090 2011.402539269  1.025957251
 0.004103940 2010.041440550  1.025832736
 0.004122820 2008.501298477  1.025651317
 0.004141730 2007.194478667  1.025536981
 0.004160670 2006.228219021  1.025505476
 0.004179640 2004.532123710  1.025259244
 0.004198650 2003.578136447  1.025246961
 0.004217690 2001.756398172  1.024984491
 0.004236760 2000.610681239  1.024924250
 0.004255870 1999.291344703  1.024775955
 0.004275010 1997.987332030  1.024666871
 0.004294180 1996.469827770  1.024488269
 0.004313380 1995.249447002  1.024383170
 0.004332610 1993.825293903  1.024232618
 0.004351870 1992.528732775  1.024117086
 0.004371150 1991.653875165  1.024102314
 0.004390460 1990.006513889  1.023889808
 0.004409800 1989.052579507  1.023865693
 0.004429170 1987.413683330  1.023636856
 0.004448570 1986.275080125  1.023582543
 0.004467990 1984.814865730  1.023413429
 0.004487450 1983.695423693  1.023349075
 0.004506940 1982.243351720  1.023182534
 0.004526460 1981.175788162  1.023106472
 0.004546020 1979.825680701  1.022980451
 0.004565600 1978.684883680  1.022897683
 0.004585220 1977.765003809  1.022906109
 0.004604880 1976.192112060  1.022693936
 0.004624560 1975.406131424  1.022711812
 0.004644280 1973.834013485  1.022485146
 0.004664020 1972.885447583  1.022448445
 0.004683780 1971.471516539  1.022291259
 0.004703570 1970.391693511  1.022235227
 0.004723390 1969.027100101  1.022084540
 0.004743240 1967.835209531  1.022007654
 0.004763120 1966.634759423  1.021906255
 0.004783020 1965.460713826  1.021833716
 0.004802960 1964.657371040  1.021819775
 0.004822920 1963.270767108  1.021664732
 0.004842910 1962.405930638  1.021670928
 0.004862940 1960.952037944  1.021492846
 0.004882990 1959.974850512  1.021470954
 0.004903080 1958.607097826  1.021318201
 0.004923200 1957.578008861  1.021288387
 0.004943350 1956.348427467  1.021149770
 0.004963530 1955.366732548  1.021105222
 0.004983750 1954.155437934  1.020997282
 0.005003990 1953.132273002  1.020939647
 0.005024260 1952.262230296  1.020939477
 0.005044550 1950.882162073  1.020773440
 0.005064870 1950.036264252  1.020795836
 0.005085210 1948.663938682  1.020623906
 0.005105590 1947.708487377  1.020603316
 0.005125990 1946.507353611  1.020496239
 0.005146410 1945.583066883  1.020474366
 0.005166870 1944.473901476  1.020375053
 0.005187350 1943.488189331  1.020323336
 0.005207870 1942.418350600  1.020238262
 0.005228410 1941.350144953  1.020184405
 0.005248990 1940.581270310  1.020200934
 0.005269590 1939.242339758  1.020061614
 0.005290230 1938.538560167  1.020104929
 0.005310900 1937.175946283  1.019956279
 0.005331600 1936.241399362  1.019928503
 0.005352330 1935.092050435  1.019810839
 0.005373090 1934.303928100  1.019809670
 0.005393870 1933.079802816  1.019687199
 0.005414680 1932.150543714  1.019671085
 0.005435510 1930.998738898  1.019588564
 0.005456370 1930.082306223  1.019559420
 0.005477260 1929.308366557  1.019581368
 0.005498170 1928.130626832  1.019449195
 0.005519110 1927.438418847  1.019502447
 0.005540070 1926.153113357  1.019380790
 0.005561070 1925.291035929  1.019375731
 0.005582090 1924.182693291  1.019304266
 0.005603140 1923.291381785  1.019291187
 0.005624230 1922.195755744  1.019213917
 0.005645340 1921.306392785  1.019199890
 0.005666480 1920.350760858  1.019132953
 0.005687650 1919.441626222  1.019101962
 0.005708850 1918.695146035  1.019119985
 0.005730090 1917.476208818  1.019002988
 0.005751350 1916.794142063  1.019042901
 0.005772640 1915.536495092  1.018919881
 0.005793950 1914.719488076  1.018916795
 0.005815290 1913.595754366  1.018828595
 0.005836650 1912.903269905  1.018839595
 0.005858040 1911.849848205  1.018762316
 0.005879450 1911.012946461  1.018751208
 0.005900890 1910.044125191  1.018709094
 0.005922360 1909.188612123  1.018696547
 0.005943850 1908.528711197  1.018742010
 0.005965370 1907.389206326  1.018636599
 0.005986920 1906.812164841  1.018681648
 0.006008490 1905.683975701  1.018581455
 0.006030100 1904.903689418  1.018588198
 0.006051730 1903.896980305  1.018527200
 0.006073390 1903.116521768  1.018535302
 0.006095090 1902.114285151  1.018476281
 0.006116810 1901.274748521  1.018468478
 0.006138560 1900.406490336  1.018421019
 0.006160350 1899.574888587  1.018407691
 0.006182160 1898.900726314  1.018441445
 0.006203990 1897.806110742  1.018356221
 0.006225840 1897.202024105  1.018412884
 0.006247720 1896.077398377  1.018323486
 0.006269630 1895.364617372  1.018342005
 0.006291560 1894.448824752  1.018279957
 0.006313510 1893.750483581  1.018308672
 0.006335490 1892.780357073  1.018253705
 0.006357500 1892.045770936  1.018267770
 0.006379530 1891.103652343  1.018227461
 0.006401590 1890.382634927  1.018247085
 0.006423680 1889.768930353  1.018301633
 0.006445790 1888.811584972  1.018221463
 0.006467930 1888.215028610  1.018273893
 0.006490100 1887.171763450  1.018195962
 0.006512310 1886.440978494  1.018213480
 0.006534530 1885.530389424  1.018175752
 0.006556790 1884.798224453  1.018197149
 0.006579080 1883.921283202  1.018163973
 0.006601400 1883.223939054  1.018166672
 0.006623740 1882.399234116  1.018149555
 0.006646110 1881.620662867  1.018150585
 0.006668490 1881.018640256  1.018201531
 0.006690900 1880.018448156  1.018139921
 0.006713340 1879.495070629  1.018213759
 0.006735800 1878.496840234  1.018155693
 0.006758280 1877.912617475  1.018185139
 0.006780790 1877.038014237  1.018148154
 0.006803320 1876.403969683  1.018192671
 0.006825880 1875.488344885  1.018150088
 0.006848470 1874.818584708  1.018178021
 0.006871080 1873.980444283  1.018165196
 0.006893720 1873.290862927  1.018184764
 0.006916390 1872.798947436  1.018245297
 0.006939080 1871.842388665  1.018182475
 0.006961810 1871.308619221  1.018252617
 0.006984560 1870.335576796  1.018191949
 0.007007340 1869.675058834  1.018226743
 0.007030150 1868.864609190  1.018212773
 0.007052990 1868.190747752  1.018246145
 0.007075850 1867.466036606  1.018232075
 0.007098740 1866.804513191  1.018256347
 0.007121640 1866.051135500  1.018258482
 0.007144570 1865.345559187  1.018274971
 0.007167520 1864.829753804  1.018346363
 0.007190500 1863.886688223  1.018297324
 0.007213500 1863.425194648  1.018385169
 0.007236520 1862.468914633  1.018340539
 0.007259570 1861.940532366  1.018387715
 0.007282650 1861.087300011  1.018364348
 0.007305750 1860.494253723  1.018419676
 0.007328870 1859.617809722  1.018400424
 0.007352020 1859.073250288  1.018436952
 0.007375200 1858.328938427  1.018437075
 0.007398410 1857.684758306  1.018457720
 0.007421640 1857.028852086  1.018469531
 0.007444900 1856.605897819  1.018555676
 0.007468190 1855.791822099  1.018544934
 0.007491510 1855.073489306  1.018547644
 0.007514850 1854.338150504  1.018557837
 0.007538230 1853.728818454  1.018573518
 0.007561620 1853.319058759  1.018665897
 0.007585040 1852.570306722  1.018663008
 0.007608480 1851.857807803  1.018672945
 0.007631940 1851.164859396  1.018687360
 0.007655420 1850.484217675  1.018712081
 0.007678930 1849.835660092  1.018739231
 0.007702450 1849.238615977  1.018766936
 0.007726010 1848.826344853  1.018854827
 0.007749580 1848.084003028  1.018852913
 0.007773190 1847.369323794  1.018861121
 0.007796810 1846.701243593  1.018883749
 0.007820460 1846.030339481  1.018909837
 0.007844140 1845.616617063  1.019002683
 0.007867840 1844.869282776  1.018997388
 0.007891570 1844.244426759  1.019013675
 0.007915330 1843.595765114  1.019038081
 0.007939110 1842.978329477  1.019073486
 0.007962930 1842.321490002  1.019103241
 0.007986760 1841.704208042  1.019140205
 0.008010630 1841.267576560  1.019233913
 0.008034530 1840.542458939  1.019236427
 0.008058440 1839.940376651  1.019257345
 0.008082380 1839.331532533  1.019289035
 0.008106340 1838.719822400  1.019322450
 0.008130320 1838.333451319  1.019421934
 0.008154320 1837.613617269  1.019428383
 0.008178350 1836.967696492  1.019455516
 0.008202390 1836.309499424  1.019482893
 0.008226460 1835.709838240  1.019517354
 0.008250560 1835.173908875  1.019553936
 0.008274670 1834.616555683  1.019599901
 0.008298810 1834.222209252  1.019697852
 0.008322980 1833.523252153  1.019706972
 0.008347170 1832.856343259  1.019727800
 0.008371380 1832.252626761  1.019766094
 0.008395620 1831.621381256  1.019801560
 0.008419890 1831.269142787  1.019904954
 0.008444180 1830.651222074  1.019917515
 0.008468500 1830.038111197  1.019949531
 0.008492850 1829.439879758  1.019986338
 0.008517220 1828.852167419  1.020028132
 0.008541620 1828.254611659  1.020073643
 0.008566050 1827.688456260  1.020123367
 0.008590500 1827.300778010  1.020231501
 0.008614970 1826.664434997  1.020247427
 0.008639460 1826.078278247  1.020282000
 0.008663970 1825.513100239  1.020326214
 0.008688500 1824.971917057  1.020368316
 0.008713060 1824.627438242  1.020471929
 0.008737630 1823.947666937  1.020491527
 0.008762230 1823.365419856  1.020536265
 0.008786850 1822.754549968  1.020583702
 0.008811500 1822.338969855  1.020657167
 0.008836160 1821.804009307  1.020723623
 0.008860850 1821.195376407  1.020739037
 0.008885570 1820.603742631  1.020785694
 0.008910310 1820.170974479  1.020845398
 0.008935070 1819.614304533  1.020910769
 0.008959860 1819.268093340  1.020996707
 0.008984670 1818.496236108  1.020993946
 0.009009510 1818.030741214  1.021049991
 0.009034380 1817.417626780  1.021093959
 0.009059270 1817.067467249  1.021178385
 0.009084190 1816.494522360  1.021238872
 0.009109140 1816.136519028  1.021323317
 0.009134110 1815.416734532  1.021334791
 0.009159100 1815.016490119  1.021406394
 0.009184110 1814.527198911  1.021478389
 0.009209140 1813.972953228  1.021519411
 0.009234190 1813.467939660  1.021570712
 0.009259270 1812.954854596  1.021625880
 0.009284360 1812.575622929  1.021714390
 0.009309470 1812.117757300  1.021783716
 0.009334610 1811.554824657  1.021818822
 0.009359770 1811.090409875  1.021876121
 0.009384950 1810.664173462  1.021955468
 0.009410150 1810.143356291  1.022003014
 0.009435380 1809.577318348  1.022054964
 0.009460630 1809.172399600  1.022127611
 0.009485900 1808.684432212  1.022199625
 0.009511200 1808.321182171  1.022280562
 0.009536520 1807.740606159  1.022313311
 0.009561870 1807.319832384  1.022392470
 0.009587240 1806.931641454  1.022486415
 0.009612640 1806.342779012  1.022510390
 0.009638060 1805.781734172  1.022561859
 0.009663510 1805.401063969  1.022643792
 0.009688990 1805.031050929  1.022750636
 0.009714490 1804.438309794  1.022777347
 0.009740010 1803.926890023  1.022850326
 0.009765560 1803.485819300  1.022930898
 0.009791120 1802.964822363  1.022977766
 0.009816700 1802.537312969  1.023054394
 0.009842300 1802.073825781  1.023126002
 0.009867920 1801.654308562  1.023218991
 0.009893560 1801.088820989  1.023253147
 0.009919220 1800.597836300  1.023313637
 0.009944900 1800.150750829  1.023390269
 0.009970610 1799.687216940  1.023454974
 0.009996330 1799.302497655  1.023535627
 0.010022100 1798.840694402  1.023606001
 0.010047900 1798.614222586  1.023722748
 0.010073700 1798.041902430  1.023767393
 0.010099500 1797.508208578  1.023823100
 0.010125300 1797.051101320  1.023897500
 0.010151200 1796.639927483  1.023998915
 0.010177100 1796.125033409  1.024028766
 0.010203000 1795.705934602  1.024106219
 0.010228900 1795.282513712  1.024188941
 0.010254900 1794.821632058  1.024263811
 0.010280900 1794.511408560  1.024355033
 0.010306900 1794.057375329  1.024415869
 0.010332900 1793.788714662  1.024536595
 0.010359000 1793.237088263  1.024562928
 0.010385100 1792.819330161  1.024644059
 0.010411200 1792.345783744  1.024710658
 0.010437300 1791.892481398  1.024777760
 0.010463400 1791.474837551  1.024855635
 0.010489600 1791.073466492  1.024940116
 0.010515800 1790.731104291  1.025027485
 0.010542000 1790.265637869  1.025095752
 0.010568200 1789.938213161  1.025198472
 0.010594400 1789.400761510  1.025254653
 0.010620700 1789.017230476  1.025335912
 0.010647000 1788.716906813  1.025459133
 0.010673300 1788.189761314  1.025484904
 0.010699600 1787.806833285  1.025571296
 0.010725900 1787.373753523  1.025639992
 0.010752300 1786.944005868  1.025726618
 0.010778700 1786.717645156  1.025858167
 0.010805100 1786.168725670  1.025903502
 0.010831600 1785.748583438  1.025978930
 0.010858000 1785.403528412  1.026061498
 0.010884500 1785.087582024  1.026167760
 0.010911000 1784.574922124  1.026215797
 0.010937600 1784.178712518  1.026307987
 0.010964100 1783.740973735  1.026385455
 0.010990700 1783.377519235  1.026471240
 0.011017300 1783.020115580  1.026582633
 0.011044000 1782.636768282  1.026638893
 0.011070600 1782.376009938  1.026765097
 0.011097300 1781.839734023  1.026808572
 0.011123900 1781.465221177  1.026905915
 0.011150600 1781.012942050  1.026973367
 0.011177400 1780.618242497  1.027056131
 0.011204100 1780.274314751  1.027141793
 0.011230900 1779.940455843  1.027234033
 0.011257600 1779.691685653  1.027360014
 0.011284400 1779.131200210  1.027392908
 0.011311300 1778.781809238  1.027491284
 0.011338100 1778.362230762  1.027568233
 0.011365000 1777.994064248  1.027662252
 0.011391900 1777.778241157  1.027787206
 0.011418800 1777.264039234  1.027848104
 0.011445700 1776.842229024  1.027923674
 0.011472700 1776.511945410  1.028019092
 0.011499600 1776.237525695  1.028139398
 0.011526600 1775.809986665  1.028204065
 0.011553700 1775.669867996  1.028333155
 0.011580700 1775.143645023  1.028378088
 0.011607800 1774.809665453  1.028477495
 0.011634900 1774.380768240  1.028557270
 0.011662000 1774.184066595  1.028693466
 0.011689100 1773.653510477  1.028738706
 0.011716300 1773.430593228  1.028848395
 0.011743500 1772.997222243  1.028914083
 0.011770700 1772.793693264  1.029037284
 0.011797900 1772.332915618  1.029106234
 0.011825100 1771.990091393  1.029195348
 0.011852400 1771.639906818  1.029287857
 0.011879600 1771.228119906  1.029372757
 0.011906900 1770.889841437  1.029459851
 0.011934200 1770.644365048  1.029570191
 0.011961600 1770.271671593  1.029653344
 0.011988900 1769.909761032  1.029744431
 0.012016300 1769.576258275  1.029846221
 0.012043700 1769.289805865  1.029948210
 0.012071100 1768.906913130  1.030024226
 0.012098500 1768.633053980  1.030115779
 0.012126000 1768.312361808  1.030213043
 0.012153500 1768.088568894  1.030351341
 0.012181000 1767.655601522  1.030422156
 0.012208500 1767.278865275  1.030502622
 0.012236000 1767.024523499  1.030607308
 0.012263600 1766.691018594  1.030690986
 0.012291200 1766.346162198  1.030784886
 0.012318800 1766.026728097  1.030888204
 0.012346400 1765.710493684  1.031001899
 0.012374100 1765.282426301  1.031071998
 0.012401800 1764.930880864  1.031182692
 0.012429500 1764.632536737  1.031278200
 0.012457200 1764.279239823  1.031370536
 0.012484900 1763.988722837  1.031482148
 0.012512700 1763.603705102  1.031571326
 0.012540400 1763.286616059  1.031677935
 0.012568200 1762.914632346  1.031775804
 0.012596000 1762.600091541  1.031868748
 0.012623900 1762.244022889  1.031972700
 0.012651700 1761.851666470  1.032060425
 0.012679600 1761.493220496  1.032170786
 0.012707500 1761.127529305  1.032272414
 0.012735400 1760.803056560  1.032383924
 0.012763300 1760.474515755  1.032476091
 0.012791200 1760.314710068  1.032621332
 0.012819200 1759.834433504  1.032686655
 0.012847200 1759.701763988  1.032820988
 0.012875200 1759.256099416  1.032882113
 0.012903200 1758.934109454  1.032984690
 0.012931300 1758.614902345  1.033094233
 0.012959300 1758.448638753  1.033238016
 0.012987400 1758.104380187  1.033314657
 0.013015500 1757.721222254  1.033397955
 0.013043700 1757.472136440  1.033520191
 0.013071800 1757.054242716  1.033593244
 0.013100000 1756.760123356  1.033704019
 0.013128200 1756.442507765  1.033811936
 0.013156500 1756.256694950  1.033933602
 0.013184700 1755.894305535  1.034026480
 0.013213000 1755.549640611  1.034117200
 0.013241300 1755.263440638  1.034233354
 0.013269500 1754.904064981  1.034310041
 0.013297900 1754.674862542  1.034431683
 0.013326200 1754.331288910  1.034526112
 0.013354500 1754.088961545  1.034645770
 0.013382900 1753.722371989  1.034743901
 0.013411300 1753.486418272  1.034847924
 0.013439700 1753.183275071  1.034955035
 0.013468100 1752.879380255  1.035055559
 0.013496600 1752.578511472  1.035168131
 0.013525000 1752.276219413  1.035268234
 0.013553500 1752.053960432  1.035384325
 0.013582000 1751.738133366  1.035482480
 0.013610500 1751.545476665  1.035629559
 0.013639100 1751.151918547  1.035703573
 0.013667600 1750.985355813  1.035841163
 0.013696200 1750.598445385  1.035910115
 0.013724800 1750.300636186  1.036017312
 0.013753400 1750.058998244  1.036142598
 0.013782100 1749.850912091  1.036280290
 0.013810800 1749.556475541  1.036371557
 0.013839500 1749.195945288  1.036457460
 0.013868200 1748.979454083  1.036589370
 0.013896900 1748.546346659  1.036663016
 0.013925700 1748.318157191  1.036782343
 0.013954500 1748.091733827  1.036893205
 0.013983300 1747.860355324  1.037015886
 0.014012100 1747.521721684  1.037116760
 0.014040900 1747.208947852  1.037217159
 0.014069700 1746.980277958  1.037337390
 0.014098600 1746.667868845  1.037426830
 0.014127500 1746.411959189  1.037545205
 0.014156400 1746.134308341  1.037657213
 0.014185300 1745.882601792  1.037780827
 0.014214200 1745.643546507  1.037885986
 0.014243200 1745.350145807  1.037993368
 0.014272100 1745.094720011  1.038111309
 0.014301100 1744.755943351  1.038209480
 0.014330100 1744.538216147  1.038331637
 0.014359200 1744.278533439  1.038436546
 0.014388200 1744.130896780  1.038578275
 0.014417300 1743.774529860  1.038672120
 0.014446300 1743.520674156  1.038783315
 0.014475400 1743.340548938  1.038895358
 0.014504600 1743.120430272  1.038996100
 0.014533700 1742.941578145  1.039128190
 0.014562900 1742.615059029  1.039217916
 0.014592100 1742.385042949  1.039353049
 0.014621300 1742.054898052  1.039434780
 0.014650500 1741.829725768  1.039563178
 0.014679800 1741.559807665  1.039688862
 0.014709000 1741.263992258  1.039798622
 0.014738300 1740.981575535  1.039907368
 0.014767600 1740.866326358  1.040031989
 0.014797000 1740.578144417  1.040134258
 0.014826300 1740.367870736  1.040252004
 0.014855700 1740.192025324  1.040355843
 0.014885100 1739.937342067  1.040462569
 0.014914500 1739.741441482  1.040593048
 0.014943900 1739.488983550  1.040710025
 0.014973300 1739.149150600  1.040795414
 0.015002800 1738.980879299  1.040933552
 0.015032200 1738.780895503  1.041072866
 0.015061700 1738.564870229  1.041188523
 0.015091200 1738.228220489  1.041276821
 0.015120700 1738.047169988  1.041423617
 0.015150300 1737.786774087  1.041553006
 0.015179800 1737.392968354  1.041647722
 0.015209400 1737.149095362  1.041758736
 0.015239000 1736.957848964  1.041885243
 0.015268600 1736.745368758  1.042014560
 0.015298200 1736.481628063  1.042106548
 0.015327900 1736.282978571  1.042238577
 0.015357500 1736.072344306  1.042362637
 0.015387200 1735.842438701  1.042481726
 0.015416900 1735.568717968  1.042585690
 0.015446700 1735.458229764  1.042744420
 0.015476400 1735.066597593  1.042832459
 0.015506200 1734.804284192  1.042939736
 0.015536000 1734.567590269  1.043049495
 0.015565800 1734.362727742  1.043183530
 0.015595600 1734.163995442  1.043316735
 0.015625500 1733.798295579  1.043406669
 0.015655300 1733.621075555  1.043546645
 0.015685200 1733.401292416  1.043683862
 0.015715100 1733.155473610  1.043806368
 0.015745100 1732.879205693  1.043906408
 0.015775000 1732.603287635  1.044022365
 0.015804900 1732.410929680  1.044144739
 0.015834900 1732.170071486  1.044261639
 0.015864900 1731.973726992  1.044381133
 0.015894900 1731.719727390  1.044498497
 0.015924900 1731.593528470  1.044643842
 0.015955000 1731.295499968  1.044738137
 0.015985000 1731.135130640  1.044884311
 0.016015100 1730.904340348  1.045017914
 0.016045200 1730.718178593  1.045153205
 0.016075300 1730.381591104  1.045241207
 0.016105400 1730.156820400  1.045359074
 0.016135500 1729.911451390  1.045480092
 0.016165700 1729.729347455  1.045607271
 0.016195900 1729.451876489  1.045722411
 0.016226100 1729.243414387  1.045845067
 0.016256300 1729.126189575  1.045997768
 0.016286500 1728.841043577  1.046087558
 0.016316800 1728.597789948  1.046218638
 0.016347000 1728.382105051  1.046326304
 0.016377300 1728.132881221  1.046457111
 0.016407600 1728.015336483  1.046589678
 0.016438000 1727.730506332  1.046707952
 0.016468300 1727.561064021  1.046831710
 0.016498700 1727.346692334  1.046969037
 0.016529100 1727.144358423  1.047085122
 0.016559500 1726.837857775  1.047198564
 0.016589900 1726.698257791  1.047326865
 0.016620400 1726.475444542  1.047450467
 0.016650900 1726.280343559  1.047581753
 0.016681300 1726.056886432  1.047682099
 0.016711800 1725.854206548  1.047822300
 0.016742300 1725.738483056  1.047960093
 0.016772900 1725.425296288  1.048067366
 0.016803400 1725.303213714  1.048200180
 0.016834000 1725.157865741  1.048347898
 0.016864500 1724.902420737  1.048442869
 0.016895100 1724.690584651  1.048570599
 0.016925700 1724.471672981  1.048690063
 0.016956400 1724.265570028  1.048815334
 0.016987000 1724.131034885  1.048961808
 0.017017700 1723.869646403  1.049071598
 0.017048300 1723.684408638  1.049204652
 0.017079000 1723.581946162  1.049347444
 0.017109700 1723.329015728  1.049458594
 0.017140500 1723.145745147  1.049581572
 0.017171200 1722.902936484  1.049701090
 0.017202000 1722.781137276  1.049827515
 0.017232700 1722.595140902  1.049965463
 0.017263500 1722.401946544  1.050080392
 0.017294400 1722.183370001  1.050215350
 0.017325200 1721.974707992  1.050319523
 0.017356100 1721.804932813  1.050458268
 0.017386900 1721.651515268  1.050603225
 0.017417800 1721.379802472  1.050727657
 0.017448700 1721.207490889  1.050843953
 0.017479700 1721.102462006  1.050999518
 0.017510600 1720.799457340  1.051111575
 0.017541600 1720.620123973  1.051242272
 0.017572600 1720.357969549  1.051351161
 0.017603600 1720.221362872  1.051491396
 0.017634700 1720.052205607  1.051631939
 0.017665700 1719.797938016  1.051747293
 0.017696800 1719.690919425  1.051877072
 0.017727800 1719.446188770  1.051996553
 0.017758900 1719.296673855  1.052129699
 0.017790000 1719.103632234  1.052266228
 0.017821100 1718.912933352  1.052376818
 0.017852300 1718.738513131  1.052516250
 0.017883400 1718.619994956  1.052668315
 0.017914600 1718.376968036  1.052782132
 0.017945700 1718.168308170  1.052914334
 0.017976900 1717.977428238  1.053031970
 0.018008100 1717.812981180  1.053168400
 0.018039400 1717.695260454  1.053318035
 0.018070600 1717.531708208  1.053459996
 0.018101900 1717.270702962  1.053567079
 0.018133100 1717.086171979  1.053689481
 0.018164400 1716.915969196  1.053818551
 0.018195700 1716.789428387  1.053964789
 0.018227100 1716.558431198  1.054081474
 0.018258400 1716.357725194  1.054216298
 0.018289800 1716.169171154  1.054352669
 0.018321200 1715.962956683  1.054481823
 0.018352600 1715.872514744  1.054612187
 0.018384000 1715.626644808  1.054738697
 0.018415400 1715.456989589  1.054880347
 0.018446900 1715.182241906  1.054994712
 0.018478400 1715.050728668  1.055138045
 0.018509900 1714.899173954  1.055271486
 0.018541400 1714.705514950  1.055389986
 0.018573000 1714.539970717  1.055530220
 0.018604500 1714.441142640  1.055684037
 0.018636100 1714.183428159  1.055795990
 0.018667700 1714.000617036  1.055927713
 0.018699300 1713.828242969  1.056044356
 0.018730900 1713.691408655  1.056192145
 0.018762500 1713.537486753  1.056332206
 0.018794200 1713.422390139  1.056482186
 0.018825800 1713.113505593  1.056589873
 0.018857500 1712.958160649  1.056712453
 0.018889200 1712.825260524  1.056858723
 0.018920900 1712.754460571  1.057018958
 0.018952600 1712.467859781  1.057124400
 0.018984300 1712.286587124  1.057260172
 0.019016100 1712.090072997  1.057379199
 0.019047800 1711.929066535  1.057530354
 0.019079600 1711.804360191  1.057685059
 0.019111400 1711.550414977  1.057807605
 0.019143200 1711.309721519  1.057940942
 0.019175000 1711.156045250  1.058068183
 0.019206900 1710.995413173  1.058213654
 0.019238700 1710.898817881  1.058366136
 0.019270600 1710.621261252  1.058484330
 0.019302500 1710.454764206  1.058617138
 0.019334400 1710.313109110  1.058742963
 0.019366400 1710.140894826  1.058883348
 0.019398300 1709.986991329  1.059014333
 0.019430300 1709.771100744  1.059143234
 0.019462300 1709.682815466  1.059302931
 0.019494300 1709.496197635  1.059416325
 0.019526300 1709.344362700  1.059557931
 0.019558400 1709.225622949  1.059706279
 0.019590400 1708.921659121  1.059818526
 0.019622500 1708.721268803  1.059945927
 0.019654600 1708.619363385  1.060095457
 0.019686700 1708.469594108  1.060226025
 0.019718900 1708.287287227  1.060360190
 0.019751000 1708.186312962  1.060507121
 0.019783200 1708.038810010  1.060638764
 0.019815300 1707.884147322  1.060777252
 0.019847500 1707.692235081  1.060911447
 0.019879700 1707.517603998  1.061044763
 0.019911900 1707.330366211  1.061170451
 0.019944200 1707.202965410  1.061320719
 0.019976400 1707.052605053  1.061481908
 0.020008700 1706.877360079  1.061601371
 0.020040900 1706.652317130  1.061734295
 0.020073200 1706.518601158  1.061872238
 0.020105500 1706.361553754  1.062012592
 0.020137800 1706.288740046  1.062138786
 0.020170200 1706.108510409  1.062270476
 0.020202500 1706.012541423  1.062403045
 0.020234900 1705.839791042  1.062546876
 0.020267200 1705.771109158  1.062694260
 0.020299600 1705.549730489  1.062815408
 0.020332000 1705.423312437  1.062958968
 0.020364500 1705.186317788  1.063091396
 0.020396900 1705.097143698  1.063240501
 0.020429400 1704.852385321  1.063366185
 0.020461900 1704.813038666  1.063522506
 0.020494400 1704.674178876  1.063679781
 0.020526900 1704.623652821  1.063814013
 0.020559400 1704.412533416  1.063931356
 0.020592000 1704.270745430  1.064059648
 0.020624500 1704.137670084  1.064196786
 0.020657100 1704.009508533  1.064318962
 0.020689700 1703.930806201  1.064465054
 0.020722400 1703.870294507  1.064637306
 0.020755000 1703.614601306  1.064750629
 0.020787700 1703.561792445  1.064886234
 0.020820400 1703.384624485  1.065017038
 0.020853100 1703.251238459  1.065167917
 0.020885800 1703.016207207  1.065297313
 0.020918500 1702.831419932  1.065438640
 0.020951200 1702.580355285  1.065573558
 0.020983900 1702.522645960  1.065734776
 0.021016700 1702.370662466  1.065888552
 0.021049500 1702.258288387  1.066014374
 0.021082200 1702.054761674  1.066153181
 0.021115000 1701.880171997  1.066283429
 0.021147800 1701.826488056  1.066435117
 0.021180700 1701.629327769  1.066559906
 0.021213500 1701.505960562  1.066707484
 0.021246400 1701.381021457  1.066865930
 0.021279200 1701.232383600  1.066985031
 0.021312100 1701.104585182  1.067135027
 0.021345000 1700.930483035  1.067265260
 0.021377900 1700.724637761  1.067401045
 0.021410900 1700.585209271  1.067539313
 0.021443800 1700.441081982  1.067694014
 0.021476800 1700.292107824  1.067822672
 0.021509700 1700.083007071  1.067963044
 0.021542700 1700.016238149  1.068121161
 0.021575700 1699.885957006  1.068278840
 0.021608800 1699.752598421  1.068395070
 0.021641800 1699.548840175  1.068526190
 0.021674900 1699.511133839  1.068677403
 0.021708000 1699.320920267  1.068805828
 0.021741100 1699.271043105  1.068944842
 0.021774200 1699.131034722  1.069096355
 0.021807300 1699.023112287  1.069236257
 0.021840500 1698.758898900  1.069360884
 0.021873600 1698.655340123  1.069503567
 0.021906800 1698.498175548  1.069660223
 0.021940000 1698.391913754  1.069799145
 0.021973200 1698.182710628  1.069935156
 0.022006500 1698.159337092  1.070098203
 0.022039700 1697.949864871  1.070231213
 0.022073000 1697.871327922  1.070375004
 0.022106300 1697.684978365  1.070508935
 0.022139500 1697.612806146  1.070660159
 0.022172800 1697.438435021  1.070784886
 0.022206100 1697.375409927  1.070930781
 0.022239500 1697.251139758  1.071064735
 0.022272800 1697.151169084  1.071217646
 0.022306100 1697.049211720  1.071373842
 0.022339500 1696.948345602  1.071500292
 0.022372900 1696.810874681  1.071646749
 0.022406300 1696.582472074  1.071779062
 0.022439700 1696.487360800  1.071931662
 0.022473100 1696.248064070  1.072063578
 0.022506500 1696.191303891  1.072221888
 0.022540000 1696.016795964  1.072378465
 0.022573400 1695.894504219  1.072503546
 0.022606900 1695.755289559  1.072648505
 0.022640400 1695.673790048  1.072788356
 0.022673900 1695.447215445  1.072919426
 0.022707400 1695.350813956  1.073063248
 0.022741000 1695.223321843  1.073219074
 0.022774500 1695.138955915  1.073349586
 0.022808100 1694.973393278  1.073493938
 0.022841700 1694.901303165  1.073654059
 0.022875300 1694.722176465  1.073791810
 0.022908900 1694.653334265  1.073936642
 0.022942600 1694.464204709  1.074061728
 0.022976200 1694.397568502  1.074216178
 0.023009900 1694.164269923  1.074352028
 0.023043600 1694.144016534  1.074506065
 0.023077300 1694.043851301  1.074664086
 0.023111000 1693.932189997  1.074794030
 0.023144800 1693.701575043  1.074934260
 0.023178500 1693.615897987  1.075074308
 0.023212300 1693.488187095  1.075220832
 0.023246100 1693.397671487  1.075359005
 0.023279900 1693.212583961  1.075498104
 0.023313700 1693.123296026  1.075646654
 0.023347500 1692.974276553  1.075797846
 0.023381400 1692.947218539  1.075946202
 0.023415200 1692.747215297  1.076077472
 0.023449100 1692.679657663  1.076233586
 0.023483000 1692.452925190  1.076364035
 0.023516900 1692.455485362  1.076518748
 0.023550800 1692.339257797  1.076670174
 0.023584700 1692.291429107  1.076815628
 0.023618600 1692.049113208  1.076951312
 0.023652500 1691.979319187  1.077087256
 0.023686500 1691.829958177  1.077236783
 0.023720500 1691.764235422  1.077382678
 0.023754400 1691.566625742  1.077524978
 0.023788400 1691.569742271  1.077691543
 0.023822400 1691.339727708  1.077818900
 0.023856500 1691.310316890  1.077971896
 0.023890500 1691.104965960  1.078104901
 0.023924600 1691.051109939  1.078259149
 0.023958600 1690.895841100  1.078395687
 0.023992700 1690.837372826  1.078539565
 0.024026800 1690.705538665  1.078679099
 0.024060900 1690.631016030  1.078833189
 0.024095100 1690.574528384  1.078990012
 0.024129200 1690.387316622  1.079125990
 0.024163400 1690.304799480  1.079274157
 0.024197600 1690.086494771  1.079407785
 0.024231700 1690.012872541  1.079561198
 0.024266000 1689.816637929  1.079692049
 0.024300200 1689.770531254  1.079850061
 0.024334400 1689.622624852  1.080007526
 0.024368700 1689.496488713  1.080136345
 0.024403000 1689.396998291  1.080287151
 0.024437300 1689.312468780  1.080430716
 0.024471600 1689.105393734  1.080566509
 0.024505900 1689.021812843  1.080713480
 0.024540300 1688.932909010  1.080875242
 0.024574600 1688.860904044  1.081008874
 0.024609000 1688.708577384  1.081156392
 0.024643400 1688.650105666  1.081319632
 0.024677700 1688.516062244  1.081470111
 0.024712100 1688.426051929  1.081603054
 0.024746600 1688.243385281  1.081740874
 0.024781000 1688.202490259  1.081897841
 0.024815400 1688.096901578  1.082055958
 0.024849900 1688.001398751  1.082187097
 0.024884300 1687.891466039  1.082336802
 0.024918800 1687.833133330  1.082485051
 0.024953300 1687.601406878  1.082619896
 0.024987800 1687.536965258  1.082761726
 0.025022300 1687.408548749  1.082918641
 0.025056800 1687.355652066  1.083068939
 0.025091400 1687.179851304  1.083213606
 0.025125900 1687.144065561  1.083370126
 0.025160500 1686.993424989  1.083519648
 0.025195100 1686.927513502  1.083659433
 0.025229700 1686.751922616  1.083796802
 0.025264300 1686.703975008  1.083956471
 0.025298900 1686.586587265  1.084093572
 0.025333500 1686.543862205  1.084241082
 0.025368200 1686.515467556  1.084402202
 0.025402900 1686.319600512  1.084535092
 0.025437600 1686.202065724  1.084686503
 0.025472300 1686.123682397  1.084828146
 0.025507000 1685.902972649  1.084964468
 0.025541700 1685.787681128  1.085112199
 0.025576400 1685.691714637  1.085270240
 0.025611200 1685.663587346  1.085407480
 0.025646000 1685.557638729  1.085553175
 0.025680800 1685.516117699  1.085708917
 0.025715600 1685.347616082  1.085852729
 0.025750400 1685.296126725  1.086001713
 0.025785300 1685.111477873  1.086135616
 0.025820100 1685.125459643  1.086299126
 0.025855000 1684.922931342  1.086436397
 0.025889900 1684.904014467  1.086590091
 0.025924800 1684.793214073  1.086750504
 0.025959700 1684.716953587  1.086885666
 0.025994600 1684.573710516  1.087035874
 0.026029600 1684.533265351  1.087180185
 0.026064500 1684.411593722  1.087333840
 0.026099500 1684.318367994  1.087467362
 0.026134500 1684.253683188  1.087618987
 0.026169400 1684.178217119  1.087762312
 0.026204400 1684.135791720  1.087929535
 0.026239400 1684.061220343  1.088085856
 0.026274500 1683.907297162  1.088218766
 0.026309500 1683.884577943  1.088364310
 0.026344500 1683.773475439  1.088512996
 0.026379600 1683.660278919  1.088667912
 0.026414700 1683.479574911  1.088804109
 0.026449700 1683.419509001  1.088957179
 0.026484800 1683.411114018  1.089120192
 0.026519900 1683.242571113  1.089264566
 0.026555100 1683.134984972  1.089414744
 0.026590200 1682.963619209  1.089549947
 0.026625300 1682.910342378  1.089701022
 0.026660500 1682.808767728  1.089845951
 0.026695700 1682.723211790  1.090003518
 0.026730900 1682.603588119  1.090140179
 0.026766100 1682.544015271  1.090293235
 0.026801300 1682.434151912  1.090448492
 0.026836500 1682.323699236  1.090591835
 0.026871800 1682.235254463  1.090736402
 0.026907000 1682.117776750  1.090870084
 0.026942300 1682.016185848  1.091027326
 0.026977600 1681.977732554  1.091175869
 0.027012900 1681.883751883  1.091324622
 0.027048200 1681.820204138  1.091487067
 0.027083600 1681.657035127  1.091626321
 0.027118900 1681.643927439  1.091777893
 0.027154300 1681.502148356  1.091922785
 0.027189700 1681.411556749  1.092074244
 0.027225100 1681.274879959  1.092215294
 0.027260500 1681.204795461  1.092376572
 0.027295900 1681.108089589  1.092512894
 0.027331400 1681.058431259  1.092674832
 0.027366800 1680.972430416  1.092837750
 0.027402300 1680.834804601  1.092969287
 0.027437800 1680.793435850  1.093126899
 0.027473300 1680.686797809  1.093271924
 0.027508800 1680.580966998  1.093417287
 0.027544300 1680.468883728  1.093564802
 0.027579800 1680.394567817  1.093729652
 0.027615400 1680.345997404  1.093888618
 0.027650900 1680.171064613  1.094026230
 0.027686500 1680.175067634  1.094179117
 0.027722000 1680.028332194  1.094322466
 0.027757600 1679.950045472  1.094473480
 0.027793200 1679.811438303  1.094616370
 0.027828800 1679.746381791  1.094775559
 0.027864400 1679.590653781  1.094916922
 0.027900100 1679.598821533  1.095077438
 0.027935700 1679.534409139  1.095239998
 0.027971400 1679.382427575  1.095372271
 0.028007100 1679.300933648  1.095530705
 0.028042700 1679.181598579  1.095672198
 0.028078400 1679.046937826  1.095818271
 0.028114100 1678.975730828  1.095962990
 0.028149900 1678.921603263  1.096122221
 0.028185600 1678.846052751  1.096277005
 0.028221300 1678.705186944  1.096417099
 0.028257100 1678.647131947  1.096571379
 0.028292900 1678.471266839  1.096711853
 0.028328700 1678.398412940  1.096864392
 0.028364500 1678.336224893  1.097008912
 0.028400300 1678.259113900  1.097167053
 0.028436100 1678.124423742  1.097306071
 0.028472000 1678.083979443  1.097471259
 0.028507800 1677.996394071  1.097634239
 0.028543700 1677.859006371  1.097765792
 0.028579600 1677.815792846  1.097923443
 0.028615500 1677.727226831  1.098067871
 0.028651400 1677.611443180  1.098215406
 0.028687400 1677.506044401  1.098364496
 0.028723300 1677.450576418  1.098528662
 0.028759300 1677.378146398  1.098686753
 0.028795200 1677.226247291  1.098825365
 0.028831200 1677.229912383  1.098978259
 0.028867200 1677.089451588  1.099123169
 0.028903300 1677.006849306  1.099277992
 0.028939300 1676.891303482  1.099421891
 0.028975300 1676.836779288  1.099584347
 0.029011400 1676.682247856  1.099725692
 0.029047500 1676.690365819  1.099886195
 0.029083500 1676.642413261  1.100048210
 0.029119600 1676.502531949  1.100183685
 0.029155700 1676.406456153  1.100342633
 0.029191800 1676.298213084  1.100487348
 0.029227900 1676.185865668  1.100634472
 0.029264100 1676.123288736  1.100784203
 0.029300200 1676.091316752  1.100946320
 0.029336400 1676.030002083  1.101106125
 0.029372500 1675.885138847  1.101244537
 0.029408700 1675.833419350  1.101400396
 0.029444900 1675.663828886  1.101542431
 0.029481100 1675.597177248  1.101696615
 0.029517300 1675.540135517  1.101837358
 0.029553500 1675.463124103  1.101995528
 0.029589800 1675.319916033  1.102136665
 0.029626000 1675.269897646  1.102298603
 0.029662300 1675.146003076  1.102450150
 0.029698500 1675.045179054  1.102593210
 0.029734800 1674.978517458  1.102748383
 0.029771100 1674.924186948  1.102909643
 0.029807400 1674.761639521  1.103046154
 0.029843800 1674.731788336  1.103215880
 0.029880100 1674.567550507  1.103363749
 0.029916500 1674.455873593  1.103502143
 0.029952800 1674.367046802  1.103662779
 0.029989200 1674.324840081  1.103802142
 0.030025600 1674.245491176  1.103967723
 0.030062000 1674.120737612  1.104102006
 0.030098400 1674.054924121  1.104270682
 0.030134900 1673.947817129  1.104407846
 0.030171300 1673.878268666  1.104576847
 0.030207800 1673.816539325  1.104716647
 0.030244200 1673.756532168  1.104880120
 0.030280700 1673.661118782  1.105025951
 0.030317200 1673.566842339  1.105185109
 0.030353700 1673.478172319  1.105330498
 0.030390300 1673.452313208  1.105493189
 0.030426800 1673.322178588  1.105632956
 0.030463400 1673.289153799  1.105806301
 0.030499900 1673.153044147  1.105940678
 0.030536500 1673.077620643  1.106090593
 0.030573100 1673.009186424  1.106240815
 0.030609700 1672.893594477  1.106390076
 0.030646300 1672.822266930  1.106549375
 0.030683000 1672.721129321  1.106694431
 0.030719600 1672.678027023  1.106849505
 0.030756300 1672.578625056  1.107001589
 0.030792900 1672.520094758  1.107160585
 0.030829600 1672.399507203  1.107309648
 0.030866300 1672.378660300  1.107462626
 0.030903000 1672.283536157  1.107614387
 0.030939700 1672.190220450  1.107769283
 0.030976400 1672.065763172  1.107916596
 0.031013100 1672.055399031  1.108072774
 0.031049800 1671.906812702  1.108213811
 0.031086600 1671.885880773  1.108380855
 0.031123400 1671.721813454  1.108520318
 0.031160100 1671.658341129  1.108662169
 0.031196900 1671.596025137  1.108821684
 0.031233700 1671.495457340  1.108971864
 0.031270500 1671.416757915  1.109129700
 0.031307300 1671.327580276  1.109270923
 0.031344200 1671.264276880  1.109428271
 0.031381000 1671.152272458  1.109575495
 0.031417900 1671.080525632  1.109734411
 0.031454700 1671.035789655  1.109885670
 0.031491600 1670.955746965  1.110035443
 0.031528500 1670.868488981  1.110197057
 0.031565400 1670.760883857  1.110344045
 0.031602300 1670.722966192  1.110499163
 0.031639200 1670.646059834  1.110648699
 0.031676200 1670.546109891  1.110801929
 0.031713100 1670.483926439  1.110961534
 0.031750100 1670.417039773  1.111108813
 0.031787100 1670.302484034  1.111246841
 0.031824100 1670.257998455  1.111416440
 0.031861100 1670.113097774  1.111557033
 0.031898100 1670.122016793  1.111721735
 0.031935100 1669.993179555  1.111859999
 0.031972200 1669.955188975  1.112031432
 0.032009200 1669.819981588  1.112169673
 0.032046300 1669.824656733  1.112338257
 0.032083400 1669.717025465  1.112477461
 0.032120500 1669.666282595  1.112644094
 0.032157600 1669.559930944  1.112791968
 0.032194700 1669.529916536  1.112947398
 0.032231900 1669.428946521  1.113097096
 0.032269000 1669.398152890  1.113259555
 0.032306200 1669.245836771  1.113403474
 0.032343400 1669.256453465  1.113573784
 0.032380600 1669.130181757  1.113708148
 0.032417700 1669.050211508  1.113861544
 0.032455000 1668.936389855  1.114011319
 0.032492200 1668.866381121  1.114164320
 0.032529400 1668.810538353  1.114318147
 0.032566600 1668.731772779  1.114465995
 0.032603900 1668.598620268  1.114616680
 0.032641100 1668.532319079  1.114769296
 0.032678400 1668.489628083  1.114922819
 0.032715700 1668.408913379  1.115074224
 0.032753000 1668.300830331  1.115227754
 0.032790300 1668.262816054  1.115388377
 0.032827600 1668.189269994  1.115539619
 0.032864900 1668.116406197  1.115686937
 0.032902200 1668.002993572  1.115844347
 0.032939600 1667.933027816  1.115995168
 0.032976900 1667.906657767  1.116155675
 0.033014300 1667.814450535  1.116301759
 0.033051700 1667.658418954  1.116442877
 0.033089100 1667.636290622  1.116606182
 0.033126500 1667.553546371  1.116750630
 0.033163900 1667.523727973  1.116914259
 0.033201300 1667.382479920  1.117060558
 0.033238700 1667.340474097  1.117216942
 0.033276200 1667.265878207  1.117365114
 0.033313600 1667.223133751  1.117523162
 0.033351100 1667.103574072  1.117676490
 0.033388600 1667.046227369  1.117827218
 0.033426100 1667.000075910  1.117991532
 0.033463600 1666.933967125  1.118140759
 0.033501100 1666.824062420  1.118297831
 0.033538600 1666.778534061  1.118451626
 0.033576200 1666.707756589  1.118604351
 0.033613700 1666.681847340  1.118764627
 0.033651300 1666.533631898  1.118910677
 0.033688900 1666.449241216  1.119052924
 0.033726500 1666.416334645  1.119217170
 0.033764100 1666.330226428  1.119359493
 0.033801700 1666.255844713  1.119526673
 0.033839300 1666.164271878  1.119667148
 0.033877000 1666.142356794  1.119834794
 0.033914600 1666.051271489  1.119975254
 0.033952300 1665.981420679  1.120142497
 0.033990000 1665.896790890  1.120286189
 0.034027700 1665.862445315  1.120448920
 0.034065400 1665.799639234  1.120599107
 0.034103100 1665.706121108  1.120754675
 0.034140800 1665.622708860  1.120903574
 0.034178600 1665.586952407  1.121064695
 0.034216300 1665.486665590  1.121205301
 0.034254100 1665.444371215  1.121375432
 0.034291900 1665.322334294  1.121512905
 0.034329700 1665.229656012  1.121661515
 0.034367500 1665.180343243  1.121813062
 0.034405300 1665.077998570  1.121965440
 0.034443100 1665.027070521  1.122123930
 0.034480900 1664.898379211  1.122271684
 0.034518700 1664.894575641  1.122427419
 0.034556600 1664.791613986  1.122577791
 0.034594400 1664.747932088  1.122739847
 0.034632300 1664.622753998  1.122887316
 0.034670200 1664.609084881  1.123041804
 0.034708000 1664.531149886  1.123198400
 0.034745900 1664.457862090  1.123352589
 0.034783800 1664.339402149  1.123501539
 0.034821800 1664.345401232  1.123662679
 0.034859700 1664.237514900  1.123809376
 0.034897600 1664.206899460  1.123976584
 0.034935600 1664.057677222  1.124121089
 0.034973500 1664.016118753  1.124264137
 0.035011500 1663.961119317  1.124425098
 0.035049500 1663.861463513  1.124573246
 0.035087500 1663.791899505  1.124734570
 0.035125500 1663.736874743  1.124880127
 0.035163500 1663.674441528  1.125037363
 0.035201500 1663.577745376  1.125187624
 0.035239500 1663.511519421  1.125348195
 0.035277600 1663.480468227  1.125502593
 0.035315600 1663.400226145  1.125652361
 0.035353700 1663.343938470  1.125816497
 0.035391800 1663.242147889  1.125965121
 0.035429900 1663.218391703  1.126123308
 0.035468000 1663.140847981  1.126272920
 0.035506100 1663.077256446  1.126430290
 0.035544200 1663.015521565  1.126589921
 0.035582400 1662.961848748  1.126740359
 0.035620500 1662.847497932  1.126878394
 0.035658700 1662.812511379  1.127049447
 0.035696900 1662.678599219  1.127187908
 0.035735000 1662.684211164  1.127356346
 0.035773200 1662.571739481  1.127494092
 0.035811500 1662.534704686  1.127663611
 0.035849700 1662.403167631  1.127803596
 0.035887900 1662.408978268  1.127972197
 0.035926200 1662.307499472  1.128113031
 0.035964500 1662.267579856  1.128277327
 0.036002700 1662.149775973  1.128425738
 0.036041000 1662.120298651  1.128581219
 0.036079300 1662.042245911  1.128731936
 0.036117600 1662.007914719  1.128892688
 0.036156000 1661.863401988  1.129038196
 0.036194300 1661.885345131  1.129206367
 0.036232600 1661.761182342  1.129346041
 0.036271000 1661.693796673  1.129497141
 0.036309300 1661.571650734  1.129649092
 0.036347700 1661.513739052  1.129799813
 0.036386100 1661.469624947  1.129956941
 0.036424500 1661.397477246  1.130106398
 0.036462900 1661.295505965  1.130259511
 0.036501300 1661.229631218  1.130412146
 0.036539700 1661.197626975  1.130569086
 0.036578100 1661.124306278  1.130721960
 0.036616500 1661.019857691  1.130875345
 0.036655000 1660.976770881  1.131034390
 0.036693400 1660.932366950  1.131188198
 0.036731900 1660.876393099  1.131340369
 0.036770400 1660.761237900  1.131496020
 0.036808900 1660.718247701  1.131649561
 0.036847400 1660.699675739  1.131811602
 0.036885900 1660.618732237  1.131960905
 0.036924400 1660.468745803  1.132101639
 0.036962900 1660.450026859  1.132266821
 0.037001400 1660.374010891  1.132412962
 0.037040000 1660.333965143  1.132573256
 0.037078500 1660.193784217  1.132717516
 0.037117100 1660.181858837  1.132878460
 0.037155700 1660.119717258  1.133029936
 0.037194300 1660.088680269  1.133191071
 0.037232900 1659.974456223  1.133344122
 0.037271500 1659.921444644  1.133496579
 0.037310100 1659.888869188  1.133658624
 0.037348700 1659.821729789  1.133807917
 0.037387400 1659.737734156  1.133965885
 0.037426000 1659.686130544  1.134118125
 0.037464700 1659.623899168  1.134272340
 0.037503400 1659.597258508  1.134432664
 0.037542000 1659.464423253  1.134581772
 0.037580700 1659.379350950  1.134724082
 0.037619500 1659.349585777  1.134888197
 0.037658200 1659.284222963  1.135031638
 0.037696900 1659.208907535  1.135197033
 0.037735700 1659.122129926  1.135339162
 0.037774400 1659.104757977  1.135506614
 0.037813200 1659.010780220  1.135647278
 0.037852000 1658.943763396  1.135812526
 0.037890800 1658.855277394  1.135956402
 0.037929600 1658.825593749  1.136117147
 0.037968400 1658.775599125  1.136268810
 0.038007300 1658.684845744  1.136424241
 0.038046100 1658.614226435  1.136576282
 0.038085000 1658.574101199  1.136735769
 0.038123800 1658.485377080  1.136879629
 0.038162700 1658.445476330  1.137049620
 0.038201600 1658.352021625  1.137189757
 0.038240500 1658.255578731  1.137336647
 0.038279400 1658.212313089  1.137489846
 0.038318300 1658.112140520  1.137642072
 0.038357200 1658.057081572  1.137798997
 0.038396100 1657.941803967  1.137949811
 0.038435100 1657.942847045  1.138101891
 0.038474000 1657.847185117  1.138253757
 0.038513000 1657.799616201  1.138414214
 0.038551900 1657.686909483  1.138564887
 0.038590900 1657.679670144  1.138720930
 0.038629900 1657.608314296  1.138879124
 0.038668900 1657.559312317  1.139034259
 0.038707900 1657.441749753  1.139183209
 0.038746900 1657.443773536  1.139342672
 0.038785900 1657.341762833  1.139490971
 0.038825000 1657.314061508  1.139658086
 0.038864000 1657.181687056  1.139802003
 0.038903000 1657.147355929  1.139946628
 0.038942100 1657.092622736  1.140107510
 0.038981200 1657.001795168  1.140257231
 0.039020200 1656.927386610  1.140416783
 0.039059300 1656.895189677  1.140563541
 0.039098400 1656.828034552  1.140718832
 0.039137500 1656.745404203  1.140872499
 0.039176700 1656.663735693  1.141027855
 0.039215800 1656.661160205  1.141185199
 0.039254900 1656.585646730  1.141336653
 0.039294100 1656.527693931  1.141499053
 0.039333200 1656.425648404  1.141647708
 0.039372400 1656.425529607  1.141806914
 0.039411600 1656.347587103  1.141956514
 0.039450800 1656.266285987  1.142112707
 0.039490000 1656.209800668  1.142273968
 0.039529200 1656.175036633  1.142423738
 0.039568400 1656.065192904  1.142563448
 0.039607600 1656.029145165  1.142732731
 0.039646900 1655.894213455  1.142871261
 0.039686100 1655.903282599  1.143039555
 0.039725400 1655.783638662  1.143175792
 0.039764700 1655.776391282  1.143346028
 0.039804000 1655.634568235  1.143484645
 0.039843300 1655.657910902  1.143650769
 0.039882600 1655.540861259  1.143794022
 0.039921900 1655.519379259  1.143957724
 0.039961300 1655.408193481  1.144107691
 0.040000600 1655.390818509  1.144260946
 0.040040000 1655.296948363  1.144412236
 0.040079400 1655.270354173  1.144574557
 0.040118700 1655.137594799  1.144717841
 0.040158100 1655.139756534  1.144884860
 0.040197600 1655.037075859  1.145025658
 0.040237000 1654.977089262  1.145178333
 0.040276400 1654.867167614  1.145328041
 0.040315800 1654.819632650  1.145482140
 0.040355300 1654.755883130  1.145636437
 0.040394700 1654.681547426  1.145785884
 0.040434200 1654.576407608  1.145942722
 0.040473700 1654.510457799  1.146093561
 0.040513100 1654.442744565  1.146249786
 0.040552600 1654.362141436  1.146401015
 0.040592100 1654.336443518  1.146557385
 0.040631600 1654.262575482  1.146717459
 0.040671100 1654.196564819  1.146868281
 0.040710700 1654.107933873  1.147016082
 0.040750200 1654.092806765  1.147175783
 0.040789700 1653.998854917  1.147329242
 0.040829300 1653.986078689  1.147490931
 0.040868800 1653.866929326  1.147634253
 0.040908400 1653.799724183  1.147779665
 0.040948000 1653.747174216  1.147944103
 0.040987500 1653.681881746  1.148091636
 0.041027100 1653.626476193  1.148246790
 0.041066700 1653.540072499  1.148393255
 0.041106300 1653.491408969  1.148556943
 0.041145900 1653.423061286  1.148705155
 0.041185600 1653.360727943  1.148856157
 0.041225200 1653.330184309  1.149015974
 0.041264900 1653.251948191  1.149169300
 0.041304500 1653.213293171  1.149333233
 0.041344200 1653.137012357  1.149479140
 0.041383800 1653.097246072  1.149637636
 0.041423500 1653.028404335  1.149792280
 0.041463200 1652.970051999  1.149946161
 0.041502900 1652.935167068  1.150103152
 0.041542600 1652.848137771  1.150254497
 0.041582400 1652.748311113  1.150393775
 0.041622100 1652.716774539  1.150561342
 0.041661800 1652.617136441  1.150700570
 0.041701600 1652.619597553  1.150868772
 0.041741400 1652.477773808  1.151007545
 0.041781100 1652.470940352  1.151174404
 0.041820900 1652.368419643  1.151315353
 0.041860700 1652.349928975  1.151479036
 0.041900500 1652.246940477  1.151621780
 0.041940400 1652.187034297  1.151784970
 0.041980200 1652.151035889  1.151934538
 0.042020000 1652.041180333  1.152090529
 0.042059900 1652.025570591  1.152239234
 0.042099800 1651.932321909  1.152400203
 0.042139600 1651.904822603  1.152545664
 0.042179500 1651.828519421  1.152711451
 0.042219400 1651.779318348  1.152850400
 0.042259400 1651.653380776  1.153001720
 0.042299300 1651.642021543  1.153157453
 0.042339200 1651.506521647  1.153305369
 0.042379200 1651.516938431  1.153462154
 0.042419100 1651.382701733  1.153610020
 0.042459100 1651.400331475  1.153770362
 0.042499100 1651.241956349  1.153915288
 0.042539100 1651.264603070  1.154077243
 0.042579100 1651.139267225  1.154226546
 0.042619000 1651.136754281  1.154382290
 0.042659100 1651.035470269  1.154537795
 0.042699100 1651.023333913  1.154690170
 0.042739100 1650.905214812  1.154840942
 0.042779100 1650.911992884  1.155000064
 0.042819200 1650.769336572  1.155147885
 0.042859200 1650.804088089  1.155309546
 0.042899300 1650.661464738  1.155457428
 0.042939300 1650.621131730  1.155603912
 0.042979400 1650.542057864  1.155763727
 0.043019500 1650.502146000  1.155910175
 0.043059500 1650.418099879  1.156068285
 0.043099600 1650.385898868  1.156218435
 0.043139700 1650.283249984  1.156369472
 0.043179800 1650.274182117  1.156528115
 0.043220000 1650.123692487  1.156673609
 0.043260100 1650.108079128  1.156840476
 0.043300200 1649.995510828  1.156998601
 0.043340400 1649.933931375  1.157151962
 0.043380500 1649.786915309  1.157292410
 0.043420700 1649.761983332  1.157454640
 0.043460900 1649.621293679  1.157598700
 0.043501000 1649.642353247  1.157767502
 0.043541200 1649.506015955  1.157914392
 0.043581400 1649.504497461  1.158074444
 0.043621600 1649.403132215  1.158227054
 0.043661900 1649.399297080  1.158387373
 0.043702100 1649.286155535  1.158534946
 0.043742300 1649.292562834  1.158696465
 0.043782600 1649.154742343  1.158830659
 0.043822800 1649.106627784  1.158981823
 0.043863100 1649.047049926  1.159138480
 0.043903400 1648.977774295  1.159284856
 0.043943600 1648.924671287  1.159445376
 0.043983900 1648.791714266  1.159595701
 0.044024200 1648.768741899  1.159761945
 0.044064600 1648.600210524  1.159906218
 0.044104900 1648.620418201  1.160063602
 0.044145200 1648.472844784  1.160203576
 0.044185600 1648.447200327  1.160350463
 0.044225900 1648.348203546  1.160508563
 0.044266300 1648.400652528  1.160679069
 0.044306700 1648.230384989  1.160812712
 0.044347100 1648.232422982  1.160968996
 0.044387500 1648.104362631  1.161115628
 0.044427900 1648.124359911  1.161271751
 0.044468300 1648.023405326  1.161426673
 0.044508800 1648.001064214  1.161575615
 0.044549200 1647.926999874  1.161733753
 0.044589700 1647.854810650  1.161888782
 0.044630200 1647.844029967  1.162040247
 0.044670700 1647.636260894  1.162180118
 0.044711200 1647.634039174  1.162338870
 0.044751700 1647.519796784  1.162489828
 0.044792200 1647.534597085  1.162648670
 0.044832700 1647.429005960  1.162799896
 0.044873200 1647.420313524  1.162955099
 0.044913700 1647.335955623  1.163111083
 0.044954300 1647.358162100  1.163272388
 0.044994800 1647.265554980  1.163417469
 0.045035400 1647.161629856  1.163561559
 0.045075900 1647.101535296  1.163711124
 0.045116500 1647.010326706  1.163865536
 0.045157100 1646.999123188  1.164023610
 0.045197700 1646.862481684  1.164174118
 0.045238200 1646.876386702  1.164337449
 0.045278800 1646.743153541  1.164482631
 0.045319400 1646.786831999  1.164644849
 0.045360100 1646.665759361  1.164790900
 0.045400700 1646.708452394  1.164952989
 0.045441300 1646.580273078  1.165085337
 0.045481900 1646.566071825  1.165237426
 0.045522600 1646.509683468  1.165390625
 0.045563200 1646.443168795  1.165543910
 0.045603900 1646.297126444  1.165698263
 0.045644600 1646.261848845  1.165857593
 0.045685300 1646.131226574  1.166009796
 0.045725900 1646.133299159  1.166160818
 0.045766600 1646.037809543  1.166315030
 0.045807300 1646.025991435  1.166459408
 0.045848000 1645.898285433  1.166609797
 0.045888800 1645.899571809  1.166764453
 0.045929500 1645.792382410  1.166918816
 0.045970200 1645.783208210  1.167073983
 0.046011000 1645.628095664  1.167225129
 0.046051700 1645.678164243  1.167389098
 0.046092500 1645.563703360  1.167544325
 0.046133300 1645.537567882  1.167687050
 0.046174000 1645.408834529  1.167831816
 0.046214800 1645.412526294  1.167981221
 0.046255600 1645.294594237  1.168134761
 0.046296400 1645.287930477  1.168290918
 0.046337300 1645.172083410  1.168439009
 0.046378100 1645.142699726  1.168598328
 0.046418900 1645.008463844  1.168743532
 0.046459800 1645.062114473  1.168909168
 0.046500700 1644.900236728  1.169049528
 0.046541500 1644.953666946  1.169211185
 0.046582400 1644.786777989  1.169344923
 0.046623300 1644.762012680  1.169497128
 0.046664200 1644.667831218  1.169651146
 0.046705100 1644.656685412  1.169802504
 0.046746000 1644.504765043  1.169957030
 0.046787000 1644.533629983  1.170114580
 0.046827900 1644.401109537  1.170265136
 0.046868900 1644.397838746  1.170414449
 0.046909900 1644.309769865  1.170570347
 0.046950900 1644.292591785  1.170713012
 0.046991900 1644.154508132  1.170860230
 0.047032900 1644.165501834  1.171018071
 0.047073900 1644.050372667  1.171169137
 0.047114900 1644.033028091  1.171327985
 0.047155900 1643.908471408  1.171476470
 0.047197000 1643.942467636  1.171641043
 0.047238000 1643.850991113  1.171797151
 0.047279100 1643.818064868  1.171938531
 0.047320100 1643.683572816  1.172085278
 0.047361200 1643.683680376  1.172234738
 0.047402300 1643.566734676  1.172388199
 0.047443300 1643.576214952  1.172543825
 0.047484400 1643.455449608  1.172699205
 0.047525500 1643.448821778  1.172855998
 0.047566600 1643.317178797  1.172993657
 0.047607700 1643.395462314  1.173161906
 0.047648800 1643.304504654  1.173308509
 0.047690000 1643.381208247  1.173462155
 0.047731100 1643.253755914  1.173600404
 0.047772200 1643.259125850  1.173743668
 0.047813400 1643.185125859  1.173901042
 0.047854500 1643.169545350  1.174050642
 0.047895700 1643.011571627  1.174193754
 0.047936800 1643.050372164  1.174362906
 0.047978000 1642.913049565  1.174507161
 0.048019200 1642.911173460  1.174664187
 0.048060400 1642.808899075  1.174816951
 0.048101600 1642.785619127  1.174960297
 0.048142800 1642.716268544  1.175122205
 0.048184000 1642.714082757  1.175271677
 0.048225200 1642.657848310  1.175426381
 0.048266400 1642.596681211  1.175570519
 0.048307700 1642.534549939  1.175718449
 0.048348900 1642.555548076  1.175874967
 0.048390200 1642.446167065  1.176027650
 0.048431400 1642.432100329  1.176186824
 0.048472700 1642.306328260  1.176328380
 0.048514000 1642.282128397  1.176480488
 0.048555300 1642.151050450  1.176631776
 0.048596600 1642.164769823  1.176787068
 0.048637900 1642.008400490  1.176924434
 0.048679200 1642.025176530  1.177087399
 0.048720500 1641.893913171  1.177230595
 0.048761800 1641.918795646  1.177391791
 0.048803200 1641.774010325  1.177535079
 0.048844500 1641.746661028  1.177681680
 0.048885900 1641.666723854  1.177837590
 0.048927300 1641.637579395  1.177992960
 0.048968600 1641.562805892  1.178143689
 0.049010000 1641.499464414  1.178292207
 0.049051400 1641.399512555  1.178432231
 0.049092800 1641.353510409  1.178587924
 0.049134300 1641.284730168  1.178738724
 0.049175700 1641.271165694  1.178898305
 0.049217100 1641.196279976  1.179048115
 0.049258600 1641.099406798  1.179188408
 0.049300100 1641.064341167  1.179349886
 0.049341500 1641.010549089  1.179497262
 0.049383000 1640.920788299  1.179642543
 0.049424500 1640.873223345  1.179797156
 0.049466000 1640.801082688  1.179948755
 0.049507600 1640.787322553  1.180102538
 0.049549100 1640.661633171  1.180255339
 0.049590600 1640.644560200  1.180402992
 0.049632200 1640.523300690  1.180552435
 0.049673700 1640.572119872  1.180717085
 0.049715300 1640.442180215  1.180862806
 0.049756900 1640.443205066  1.181015246
 0.049798400 1640.277671023  1.181154439
 0.049840000 1640.315302411  1.181318711
 0.049881600 1640.201622848  1.181466440
 0.049923200 1640.231455682  1.181629282
 0.049964800 1640.081879736  1.181771127
 0.050006400 1640.051766625  1.181917656
 0.050048000 1639.999325499  1.182076332
 0.050089600 1639.949514484  1.182230293
 0.050131300 1639.858136611  1.182376722
 0.050172900 1639.810694706  1.182527352
 0.050214500 1639.749109778  1.182679458
 0.050256200 1639.711841998  1.182832938
 0.050297800 1639.653620338  1.182987327
 0.050339500 1639.557327804  1.183127840
 0.050381200 1639.522390345  1.183289147
 0.050422800 1639.480071753  1.183439908
 0.050464500 1639.418048561  1.183593401
 0.050506200 1639.331006048  1.183736549
 0.050547900 1639.235907880  1.183880018
 0.050589600 1639.217115390  1.184035628
 0.050631300 1639.127906127  1.184187645
 0.050673000 1639.138784759  1.184346444
 0.050714700 1638.979875052  1.184487040
 0.050756500 1638.972029681  1.184638626
 0.050798200 1638.851341615  1.184787869
 0.050839900 1638.875853319  1.184946504
 0.050881700 1638.714705589  1.185082169
 0.050923500 1638.742725096  1.185242971
 0.050965200 1638.606361776  1.185384530
 0.051007000 1638.620709601  1.185547937
 0.051048800 1638.491558424  1.185690756
 0.051090600 1638.459569036  1.185835695
 0.051132400 1638.380784416  1.185991523
 0.051174200 1638.345691943  1.186145374
 0.051216000 1638.271234007  1.186296143
 0.051257800 1638.208031066  1.186444648
 0.051299700 1638.110462000  1.186584478
 0.051341500 1638.073614198  1.186738184
 0.051383400 1638.010027499  1.186890754
 0.051425200 1637.974717000  1.187043810
 0.051467100 1637.895745105  1.187191964
 0.051509000 1637.798672536  1.187332250
 0.051550900 1637.758683974  1.187492143
 0.051592800 1637.693411946  1.187636342
 0.051634700 1637.604509807  1.187781611
 0.051676600 1637.568454562  1.187933982
 0.051718600 1637.484994389  1.188082449
 0.051760500 1637.471051225  1.188236284
 0.051802500 1637.335244905  1.188385833
 0.051844400 1637.329337949  1.188531302
 0.051886400 1637.202584995  1.188679149
 0.051928400 1637.252634183  1.188843739
 0.051970400 1637.094893044  1.188986866
 0.052012400 1637.107582504  1.189137109
 0.052054400 1636.947458690  1.189277926
 0.052096400 1636.979967755  1.189440605
 0.052138500 1636.860789216  1.189586737
 0.052180500 1636.890987640  1.189749581
 0.052222600 1636.752965659  1.189889197
 0.052264700 1636.716832617  1.190034186
 0.052306700 1636.664867956  1.190192845
 0.052348800 1636.609923554  1.190345210
 0.052390900 1636.524268276  1.190487821
 0.052433000 1636.476748687  1.190638480
 0.052475100 1636.415512519  1.190790636
 0.052517200 1636.372740463  1.190942465
 0.052559300 1636.310399434  1.191095187
 0.052601400 1636.224186980  1.191233565
 0.052643500 1636.190146898  1.191394872
 0.052685600 1636.125703295  1.191544583
 0.052727800 1636.081126528  1.191697402
 0.052769900 1635.994116975  1.191840611
 0.052812000 1635.920728206  1.191985166
 0.052854200 1635.889666879  1.192139353
 0.052896300 1635.791787191  1.192291671
 0.052938500 1635.797576693  1.192448887
 0.052980700 1635.629776151  1.192585804
 0.053022800 1635.642852047  1.192738821
 0.053065000 1635.521626429  1.192888117
 0.053107200 1635.542068786  1.193045048
 0.053149400 1635.380394568  1.193180770
 0.053191600 1635.409123124  1.193341568
 0.053233800 1635.266884175  1.193481525
 0.053276000 1635.292858117  1.193642672
 0.053318200 1635.163834181  1.193785528
 0.053360500 1635.126251536  1.193928895
 0.053402700 1635.052979812  1.194084445
 0.053444900 1635.029144780  1.194237964
 0.053487200 1634.955490172  1.194388705
 0.053529400 1634.882553876  1.194533653
 0.053571700 1634.784274129  1.194673851
 0.053614000 1634.747498479  1.194827526
 0.053656300 1634.679653873  1.194978441
 0.053698500 1634.649376949  1.195133116
 0.053740800 1634.571684849  1.195281223
 0.053783100 1634.484509565  1.195419374
 0.053825400 1634.440180114  1.195577588
 0.053867800 1634.374664204  1.195721821
 0.053910100 1634.276160783  1.195863727
 0.053952400 1634.239190866  1.196016250
 0.053994800 1634.156345695  1.196164688
 0.054037100 1634.142745992  1.196318517
 0.054079500 1634.002605013  1.196466234
 0.054121900 1634.008124085  1.196609593
 0.054164200 1633.859090522  1.196756501
 0.054206600 1633.919208259  1.196919057
 0.054249000 1633.757060078  1.197060434
 0.054291400 1633.765159236  1.197209031
 0.054333800 1633.609865939  1.197346084
 0.054376300 1633.637751509  1.197507108
 0.054418700 1633.512819048  1.197651673
 0.054461100 1633.527690160  1.197809544
 0.054503600 1633.390493405  1.197949190
 0.054546100 1633.347863965  1.198092658
 0.054588500 1633.285084146  1.198248123
 0.054631000 1633.225682912  1.198398724
 0.054673500 1633.140974800  1.198541349
 0.054716000 1633.087562752  1.198690454
 0.054758500 1633.031411582  1.198838919
 0.054801100 1632.967772415  1.198989595
 0.054843600 1632.923298721  1.199141660
 0.054886200 1632.830362819  1.199278503
 0.054928700 1632.803245576  1.199441351
 0.054971300 1632.748809903  1.199588958
 0.055013900 1632.688986476  1.199742307
 0.055056500 1632.612893758  1.199883311
 0.055099000 1632.539776298  1.200027893
 0.055141600 1632.519121914  1.200179934
 0.055184200 1632.422206222  1.200332219
 0.055226800 1632.423660600  1.200487707
 0.055269400 1632.255604879  1.200624706
 0.055312000 1632.268192779  1.200777843
 0.055354700 1632.137227341  1.200923788
 0.055397300 1632.153600351  1.201079015
 0.055439900 1631.991100443  1.201214810
 0.055482500 1632.015222100  1.201373958
 0.055525200 1631.888966520  1.201513389
 0.055567800 1631.910250348  1.201672914
 0.055610500 1631.776065597  1.201814113
 0.055653100 1631.739458244  1.201957399
 0.055695800 1631.659845023  1.202111472
 0.055738500 1631.636802256  1.202264960
 0.055781100 1631.558452235  1.202414025
 0.055823800 1631.481496382  1.202557284
 0.055866500 1631.411918114  1.202698248
 0.055909200 1631.368012022  1.202848495
 0.055951900 1631.321918626  1.202998577
 0.055994600 1631.278515437  1.203150328
 0.056037300 1631.231731570  1.203297495
 0.056080000 1631.129389232  1.203434477
 0.056122800 1631.075623761  1.203594491
 0.056165500 1631.015506260  1.203736794
 0.056208200 1630.956030258  1.203879336
 0.056251000 1630.919401646  1.204033576
 0.056293700 1630.812317770  1.204179201
 0.056336500 1630.799494201  1.204332891
 0.056379300 1630.727171102  1.204476973
 0.056422000 1630.651720290  1.204619364
 0.056464800 1630.564809382  1.204767769
 0.056507600 1630.554963750  1.204926916
 0.056550400 1630.421144994  1.205069267
 0.056593200 1630.425232339  1.205218160
 0.056636000 1630.296356784  1.205352603
 0.056678800 1630.290947194  1.205514448
 0.056721600 1630.162676331  1.205657365
 0.056764500 1630.188330342  1.205813252
 0.056807300 1630.071493137  1.205948634
 0.056850200 1630.008651303  1.206094426
 0.056893000 1629.926231235  1.206246901
 0.056935900 1629.903905380  1.206394908
 0.056978800 1629.827494882  1.206538847
 0.057021600 1629.755724824  1.206686848
 0.057064500 1629.666677974  1.206835990
 0.057107400 1629.625738640  1.206984280
 0.057150300 1629.591028528  1.207134380
 0.057193300 1629.469678530  1.207266885
 0.057236200 1629.414899974  1.207426762
 0.057279100 1629.366499840  1.207572416
 0.057322100 1629.339191072  1.207724822
 0.057365000 1629.246397025  1.207864629
 0.057408000 1629.134587163  1.208006742
 0.057451000 1629.113747074  1.208156955
 0.057494000 1629.063273248  1.208308009
 0.057537000 1629.037294821  1.208458974
 0.057580000 1628.888075498  1.208595390
 0.057623000 1628.845835812  1.208744608
 0.057666000 1628.744302332  1.208891480
 0.057709100 1628.744097643  1.209043876
 0.057752100 1628.625234617  1.209176426
 0.057795200 1628.609917609  1.209340195
 0.057838200 1628.481487014  1.209477951
 0.057881300 1628.501010216  1.209632319
 0.057924400 1628.396631398  1.209772571
 0.057967500 1628.311423527  1.209915469
 0.058010600 1628.258439958  1.210070335
 0.058053700 1628.241511405  1.210220379
 0.058096800 1628.181549442  1.210368782
 0.058139900 1628.089950168  1.210512694
 0.058183000 1627.996323442  1.210654138
 0.058226100 1627.939959020  1.210803220
 0.058269200 1627.916258857  1.210956308
 0.058312300 1627.856282277  1.211106742
 0.058355500 1627.756612500  1.211248101
 0.058398600 1627.670370697  1.211388089
 0.058441800 1627.664863741  1.211546931
 0.058484900 1627.591995171  1.211687879
 0.058528100 1627.487108149  1.211831534
 0.058571200 1627.432567132  1.211979162
 0.058614400 1627.391296451  1.212124747
 0.058657500 1627.343471486  1.212274325
 0.058700700 1627.238969968  1.212420962
 0.058743900 1627.177758262  1.212562687
 0.058787100 1627.095668497  1.212705707
 0.058830300 1627.098421945  1.212863033
 0.058873500 1626.975041171  1.213004970
 0.058916700 1626.932022322  1.213155005
 0.058959900 1626.786567612  1.213288182
 0.059003100 1626.812526358  1.213444053
 0.059046300 1626.712477132  1.213586033
 0.059089500 1626.687642291  1.213741402
 0.059132800 1626.561085296  1.213878867
 0.059176000 1626.532357559  1.214020317
 0.059219300 1626.483089746  1.214171721
 0.059262500 1626.399676160  1.214319681
 0.059305800 1626.297551380  1.214462519
 0.059349000 1626.258926590  1.214606054
 0.059392300 1626.212316548  1.214757708
 0.059435600 1626.146083087  1.214901366
 0.059478900 1626.058064289  1.215051015
 0.059522200 1625.971717842  1.215185910
 0.059565500 1625.960801357  1.215342972
 0.059608800 1625.882935373  1.215487845
 0.059652100 1625.820556143  1.215639199
